stat,time,ssboe,into,inth,intl,intc,intvwap,intv,intoi,v,oi
Ok,22-09-2025 15:25:00,1758534900,277.85,281.90,277.60,277.60,277.55,21044,0,380378,0
Ok,22-09-2025 15:20:00,1758534600,278.55,278.75,277.60,278.00,277.94,32842,0,359334,0
Ok,22-09-2025 15:15:00,1758534300,279.15,279.15,278.25,278.65,278.85,15434,0,326492,0
Ok,22-09-2025 15:10:00,1758534000,278.95,279.55,278.95,279.00,279.23,8201,0,311058,0
Ok,22-09-2025 15:05:00,1758533700,279.05,279.30,278.45,278.80,278.62,8614,0,302857,0
Ok,22-09-2025 15:00:00,1758533400,279.40,279.60,278.65,279.10,279.43,4921,0,294243,0
Ok,22-09-2025 14:55:00,1758533100,279.75,279.75,278.65,279.45,279.11,15788,0,289322,0
Ok,22-09-2025 14:50:00,1758532800,280.20,280.30,279.50,279.50,279.64,4450,0,273534,0
Ok,22-09-2025 14:45:00,1758532500,280.60,280.60,280.00,280.00,280.15,15404,0,269084,0
Ok,22-09-2025 14:40:00,1758532200,280.75,280.80,280.40,280.40,279.78,576,0,253680,0
Ok,22-09-2025 14:35:00,1758531900,280.80,281.00,280.50,280.80,281.31,2619,0,253104,0
Ok,22-09-2025 14:30:00,1758531600,281.10,281.20,280.65,280.85,280.41,1961,0,250485,0
Ok,22-09-2025 14:25:00,1758531300,281.10,281.20,280.80,281.10,280.91,2945,0,248524,0
Ok,22-09-2025 14:20:00,1758531000,280.65,281.40,280.60,281.15,281.49,2608,0,245579,0
Ok,22-09-2025 14:15:00,1758530700,281.45,281.45,280.60,280.60,280.79,4736,0,242971,0
Ok,22-09-2025 14:10:00,1758530400,281.30,281.45,281.05,281.40,281.09,3567,0,238235,0
Ok,22-09-2025 14:05:00,1758530100,281.40,281.80,281.25,281.80,281.79,1762,0,234668,0
Ok,22-09-2025 14:00:00,1758529800,281.80,281.80,281.35,281.55,282.51,1191,0,232906,0
Ok,22-09-2025 13:55:00,1758529500,281.60,282.10,281.25,281.50,281.10,3398,0,231715,0
Ok,22-09-2025 13:50:00,1758529200,282.05,282.05,281.65,281.65,282.95,1454,0,228317,0
Ok,22-09-2025 13:45:00,1758528900,281.90,282.15,281.85,282.05,281.59,2302,0,226863,0
Ok,22-09-2025 13:40:00,1758528600,282.15,282.15,281.65,281.95,281.90,2512,0,224561,0
Ok,22-09-2025 13:35:00,1758528300,281.90,282.15,281.80,282.15,282.04,1737,0,222049,0
Ok,22-09-2025 13:30:00,1758528000,282.20,282.35,281.80,281.85,282.68,3401,0,220312,0
Ok,22-09-2025 13:25:00,1758527700,282.10,282.20,282.00,282.00,282.16,875,0,216911,0
Ok,22-09-2025 13:20:00,1758527400,282.55,282.55,282.25,282.25,280.57,530,0,216036,0
Ok,22-09-2025 13:15:00,1758527100,282.35,282.70,282.25,282.60,283.05,1337,0,215506,0
Ok,22-09-2025 13:10:00,1758526800,282.05,282.60,281.85,282.55,282.16,5839,0,214169,0
Ok,22-09-2025 13:05:00,1758526500,282.90,282.95,281.65,282.00,281.83,6270,0,208330,0
Ok,22-09-2025 13:00:00,1758526200,282.50,282.95,282.50,282.85,282.77,977,0,202060,0
Ok,22-09-2025 12:55:00,1758525900,282.80,282.80,282.50,282.60,284.84,645,0,201083,0
Ok,22-09-2025 12:50:00,1758525600,282.85,282.95,282.50,282.55,281.91,1363,0,200438,0
Ok,22-09-2025 12:45:00,1758525300,282.95,283.25,282.70,282.70,284.86,621,0,199075,0
Ok,22-09-2025 12:40:00,1758525000,283.40,283.40,283.00,283.00,280.29,434,0,198454,0
Ok,22-09-2025 12:35:00,1758524700,282.70,283.40,282.70,283.05,282.96,1032,0,198020,0
Ok,22-09-2025 12:30:00,1758524400,283.00,283.00,282.70,283.00,284.88,517,0,196988,0
Ok,22-09-2025 12:25:00,1758524100,282.95,283.05,282.95,283.05,284.88,275,0,196471,0
Ok,22-09-2025 12:20:00,1758523800,282.90,283.25,282.90,283.25,282.78,933,0,196196,0
Ok,22-09-2025 12:15:00,1758523500,283.55,283.55,283.00,283.15,282.81,1866,0,195263,0
Ok,22-09-2025 12:10:00,1758523200,282.75,283.40,282.75,283.40,282.96,989,0,193397,0
Ok,22-09-2025 12:05:00,1758522900,283.25,283.60,282.70,282.90,282.92,5638,0,192408,0
Ok,22-09-2025 12:00:00,1758522600,283.45,283.55,283.20,283.45,278.93,923,0,186770,0
Ok,22-09-2025 11:55:00,1758522300,282.70,283.35,282.70,283.35,285.01,1885,0,185847,0
Ok,22-09-2025 11:50:00,1758522000,282.65,282.70,282.65,282.70,285.01,268,0,183962,0
Ok,22-09-2025 11:45:00,1758521700,282.25,283.00,282.25,282.75,282.98,1799,0,183694,0
Ok,22-09-2025 11:40:00,1758521400,282.15,282.65,281.60,282.55,281.65,3180,0,181895,0
Ok,22-09-2025 11:35:00,1758521100,281.25,282.20,281.25,282.20,281.98,4495,0,178715,0
Ok,22-09-2025 11:30:00,1758520800,282.75,282.75,281.50,281.50,281.72,16918,0,174220,0
Ok,22-09-2025 11:25:00,1758520500,282.90,283.10,282.35,282.50,282.63,3708,0,157302,0
Ok,22-09-2025 11:20:00,1758520200,282.90,282.95,282.40,282.95,283.10,2420,0,153594,0
Ok,22-09-2025 11:15:00,1758519900,283.00,283.20,282.60,282.60,282.69,6384,0,151174,0
Ok,22-09-2025 11:10:00,1758519600,283.55,283.75,282.90,283.05,283.13,6305,0,144790,0
Ok,22-09-2025 11:05:00,1758519300,283.90,283.90,283.25,283.50,283.40,6371,0,138485,0
Ok,22-09-2025 11:00:00,1758519000,284.00,284.15,283.85,283.95,284.04,1981,0,132114,0
Ok,22-09-2025 10:55:00,1758518700,284.30,284.55,283.65,284.20,284.12,8252,0,130133,0
Ok,22-09-2025 10:50:00,1758518400,284.45,284.55,284.30,284.55,286.18,336,0,121881,0
Ok,22-09-2025 10:45:00,1758518100,284.40,284.45,284.15,284.30,283.58,933,0,121545,0
Ok,22-09-2025 10:40:00,1758517800,284.80,285.05,284.40,284.40,284.67,6718,0,120612,0
Ok,22-09-2025 10:35:00,1758517500,285.35,285.35,284.60,284.85,285.33,1184,0,113894,0
Ok,22-09-2025 10:30:00,1758517200,284.60,285.05,284.10,285.05,284.61,1325,0,112710,0
Ok,22-09-2025 10:25:00,1758516900,284.75,284.80,284.25,284.65,284.39,1149,0,111385,0
Ok,22-09-2025 10:20:00,1758516600,284.50,284.90,284.05,284.90,284.42,3897,0,110236,0
Ok,22-09-2025 10:15:00,1758516300,284.60,285.05,284.55,284.55,284.83,2646,0,106339,0
Ok,22-09-2025 10:10:00,1758516000,284.85,284.95,283.75,284.60,284.34,7334,0,103693,0
Ok,22-09-2025 10:05:00,1758515700,285.05,285.35,285.00,285.00,284.89,2197,0,96359,0
Ok,22-09-2025 10:00:00,1758515400,285.70,285.70,285.10,285.10,285.59,4283,0,94162,0
Ok,22-09-2025 09:55:00,1758515100,285.55,285.65,285.00,285.50,285.35,2607,0,89879,0
Ok,22-09-2025 09:50:00,1758514800,286.10,286.10,285.00,285.60,285.93,20083,0,87272,0
Ok,22-09-2025 09:45:00,1758514500,286.50,286.50,285.35,285.65,285.97,13411,0,67189,0
Ok,22-09-2025 09:40:00,1758514200,287.80,287.80,285.15,286.25,285.94,13318,0,53778,0
Ok,22-09-2025 09:35:00,1758513900,287.20,288.25,287.20,287.90,287.86,1815,0,40460,0
Ok,22-09-2025 09:30:00,1758513600,286.50,288.05,286.40,287.95,287.42,6276,0,38645,0
Ok,22-09-2025 09:25:00,1758513300,287.85,288.00,286.65,287.15,287.29,5591,0,32369,0
Ok,22-09-2025 09:20:00,1758513000,285.50,289.25,285.50,288.05,288.14,17444,0,26778,0
Ok,22-09-2025 09:15:00,1758512700,287.00,288.05,285.50,285.80,287.00,8689,0,9334,0
