stat,time,ssboe,into,inth,intl,intc,intvwap,intv,intoi,v,oi
Ok,22-09-2025 15:25:00,1758534900,388.60,390.00,388.55,388.80,388.44,2404,0,136138,0
Ok,22-09-2025 15:20:00,1758534600,388.25,388.55,387.55,388.55,388.08,6809,0,133734,0
Ok,22-09-2025 15:15:00,1758534300,388.25,390.35,387.55,388.20,388.44,8773,0,126925,0
Ok,22-09-2025 15:10:00,1758534000,389.45,389.45,388.20,388.65,389.27,4746,0,118152,0
Ok,22-09-2025 15:05:00,1758533700,388.50,390.00,388.35,389.95,389.31,7164,0,113406,0
Ok,22-09-2025 15:00:00,1758533400,387.85,388.40,387.55,388.05,388.10,3042,0,106242,0
Ok,22-09-2025 14:55:00,1758533100,388.20,388.20,387.85,387.85,387.80,5283,0,103200,0
Ok,22-09-2025 14:50:00,1758532800,388.15,388.45,387.75,388.45,388.25,2255,0,97917,0
Ok,22-09-2025 14:45:00,1758532500,388.35,388.35,388.00,388.00,388.00,2345,0,95662,0
Ok,22-09-2025 14:40:00,1758532200,388.05,388.40,388.05,388.40,388.03,460,0,93317,0
Ok,22-09-2025 14:35:00,1758531900,388.60,388.90,388.45,388.45,390.06,372,0,92857,0
Ok,22-09-2025 14:30:00,1758531600,388.90,388.90,388.00,388.35,388.10,15433,0,92485,0
Ok,22-09-2025 14:25:00,1758531300,388.95,388.95,388.75,388.95,390.45,324,0,77052,0
Ok,22-09-2025 14:20:00,1758531000,388.70,389.15,388.60,388.60,390.45,579,0,76728,0
Ok,22-09-2025 14:15:00,1758530700,388.80,389.05,388.80,388.80,390.45,44,0,76149,0
Ok,22-09-2025 14:10:00,1758530400,389.00,389.25,388.80,388.80,388.95,1004,0,76105,0
Ok,22-09-2025 14:05:00,1758530100,388.60,389.00,388.60,388.85,390.47,332,0,75101,0
Ok,22-09-2025 14:00:00,1758529800,388.85,388.85,388.60,388.80,388.24,998,0,74769,0
Ok,22-09-2025 13:55:00,1758529500,389.00,389.00,388.55,388.60,389.03,994,0,73771,0
Ok,22-09-2025 13:50:00,1758529200,389.05,389.40,389.00,389.05,388.93,3506,0,72777,0
Ok,22-09-2025 13:45:00,1758528900,389.20,389.35,389.00,389.35,389.36,1107,0,69271,0
Ok,22-09-2025 13:40:00,1758528600,389.35,389.60,389.20,389.20,387.82,243,0,68164,0
Ok,22-09-2025 13:35:00,1758528300,389.60,389.60,389.35,389.60,390.63,168,0,67921,0
Ok,22-09-2025 13:30:00,1758528000,389.70,389.95,389.00,389.40,389.17,5170,0,67753,0
Ok,22-09-2025 13:25:00,1758527700,389.10,389.50,389.10,389.50,389.76,627,0,62583,0
Ok,22-09-2025 13:20:00,1758527400,389.70,389.70,389.20,389.30,389.70,1163,0,61956,0
Ok,22-09-2025 13:15:00,1758527100,389.10,389.65,389.10,389.55,389.25,396,0,60793,0
Ok,22-09-2025 13:10:00,1758526800,389.20,389.65,389.15,389.60,389.25,1160,0,60397,0
Ok,22-09-2025 13:05:00,1758526500,389.60,389.60,389.15,389.55,389.61,489,0,59237,0
Ok,22-09-2025 13:00:00,1758526200,389.45,389.55,389.15,389.55,388.60,263,0,58748,0
Ok,22-09-2025 12:55:00,1758525900,389.15,389.45,389.15,389.45,390.84,65,0,58485,0
Ok,22-09-2025 12:50:00,1758525600,389.55,389.80,389.00,389.15,388.94,915,0,58420,0
Ok,22-09-2025 12:45:00,1758525300,389.45,389.90,389.45,389.90,390.25,917,0,57505,0
Ok,22-09-2025 12:40:00,1758525000,389.70,389.70,389.45,389.45,388.95,293,0,56588,0
Ok,22-09-2025 12:35:00,1758524700,389.60,390.10,389.40,389.40,389.33,1418,0,56295,0
Ok,22-09-2025 12:30:00,1758524400,390.05,390.15,389.50,390.15,388.80,257,0,54877,0
Ok,22-09-2025 12:25:00,1758524100,389.05,390.15,389.05,389.65,389.97,1661,0,54620,0
Ok,22-09-2025 12:20:00,1758523800,389.70,390.00,389.50,389.50,389.19,592,0,52959,0
Ok,22-09-2025 12:15:00,1758523500,389.85,390.00,389.00,389.70,389.36,2172,0,52367,0
Ok,22-09-2025 12:10:00,1758523200,390.00,390.00,389.55,389.55,389.86,417,0,50195,0
Ok,22-09-2025 12:05:00,1758522900,390.20,390.20,390.00,390.00,391.07,326,0,49778,0
Ok,22-09-2025 12:00:00,1758522600,390.10,390.20,389.80,390.20,389.78,383,0,49452,0
Ok,22-09-2025 11:55:00,1758522300,390.00,390.20,390.00,390.10,389.67,347,0,49069,0
Ok,22-09-2025 11:50:00,1758522000,389.80,390.00,389.80,390.00,391.09,264,0,48722,0
Ok,22-09-2025 11:45:00,1758521700,390.30,390.30,389.80,389.80,389.38,283,0,48458,0
Ok,22-09-2025 11:40:00,1758521400,389.65,390.30,389.65,389.80,389.47,296,0,48175,0
Ok,22-09-2025 11:35:00,1758521100,389.95,389.95,389.60,389.60,389.61,318,0,47879,0
Ok,22-09-2025 11:30:00,1758520800,389.65,390.00,389.50,389.95,390.03,1293,0,47561,0
Ok,22-09-2025 11:25:00,1758520500,389.30,389.70,389.30,389.30,389.44,538,0,46268,0
Ok,22-09-2025 11:20:00,1758520200,389.55,389.90,389.50,389.50,389.22,1147,0,45730,0
Ok,22-09-2025 11:15:00,1758519900,389.50,390.10,389.50,389.50,389.73,887,0,44583,0
Ok,22-09-2025 11:10:00,1758519600,390.20,390.25,389.90,389.90,390.04,3060,0,43696,0
Ok,22-09-2025 11:05:00,1758519300,390.25,390.75,390.20,390.20,390.56,519,0,40636,0
Ok,22-09-2025 11:00:00,1758519000,390.65,390.95,390.25,390.25,390.63,1098,0,40117,0
Ok,22-09-2025 10:55:00,1758518700,390.45,390.70,390.10,390.20,390.10,307,0,39019,0
Ok,22-09-2025 10:50:00,1758518400,390.50,390.95,390.45,390.90,390.45,1218,0,38712,0
Ok,22-09-2025 10:45:00,1758518100,390.50,390.85,390.50,390.85,391.41,110,0,37494,0
Ok,22-09-2025 10:40:00,1758517800,390.45,390.85,390.10,390.50,390.36,1388,0,37384,0
Ok,22-09-2025 10:35:00,1758517500,390.95,391.00,390.40,390.40,390.45,1385,0,35996,0
Ok,22-09-2025 10:30:00,1758517200,390.65,391.00,390.25,391.00,390.75,1802,0,34611,0
Ok,22-09-2025 10:25:00,1758516900,390.60,390.70,390.05,390.70,390.35,1610,0,32809,0
Ok,22-09-2025 10:20:00,1758516600,391.20,391.45,390.85,390.95,391.02,2077,0,31199,0
Ok,22-09-2025 10:15:00,1758516300,391.25,391.60,391.25,391.60,391.63,445,0,29122,0
Ok,22-09-2025 10:10:00,1758516000,391.90,391.90,391.20,391.25,391.32,915,0,28677,0
Ok,22-09-2025 10:05:00,1758515700,391.90,391.90,391.40,391.90,391.64,111,0,27762,0
Ok,22-09-2025 10:00:00,1758515400,392.30,392.30,391.35,391.35,391.64,532,0,27651,0
Ok,22-09-2025 09:55:00,1758515100,392.20,392.85,391.85,391.90,392.02,1321,0,27119,0
Ok,22-09-2025 09:50:00,1758514800,392.50,392.50,390.60,392.05,391.68,3421,0,25798,0
Ok,22-09-2025 09:45:00,1758514500,391.50,392.90,391.50,392.90,392.24,4055,0,22377,0
Ok,22-09-2025 09:40:00,1758514200,393.00,393.00,391.30,391.90,392.24,1103,0,18322,0
Ok,22-09-2025 09:35:00,1758513900,392.00,393.00,391.40,392.65,392.29,1759,0,17219,0
Ok,22-09-2025 09:30:00,1758513600,390.45,392.40,390.35,391.95,391.31,864,0,15460,0
Ok,22-09-2025 09:25:00,1758513300,391.50,391.50,390.25,390.85,391.01,2053,0,14596,0
Ok,22-09-2025 09:20:00,1758513000,390.85,392.45,390.05,390.85,390.98,4709,0,12543,0
Ok,22-09-2025 09:15:00,1758512700,392.45,393.55,388.85,390.60,391.60,7644,0,7834,0
