stat,time,ssboe,into,inth,intl,intc,intvwap,intv,intoi,v,oi
Ok,22-09-2025 15:25:00,1758534900,274.40,275.45,273.80,275.00,274.81,1103,0,76728,0
Ok,22-09-2025 15:20:00,1758534600,274.00,274.90,274.00,274.00,274.58,748,0,75625,0
Ok,22-09-2025 15:15:00,1758534300,275.00,275.45,273.80,274.00,274.22,3367,0,74877,0
Ok,22-09-2025 15:10:00,1758534000,275.80,275.80,275.00,275.40,275.09,1815,0,71510,0
Ok,22-09-2025 15:05:00,1758533700,275.00,275.85,275.00,275.00,275.07,1234,0,69695,0
Ok,22-09-2025 15:00:00,1758533400,275.35,275.60,275.00,275.00,274.60,617,0,68461,0
Ok,22-09-2025 14:55:00,1758533100,275.70,275.70,275.35,275.35,277.94,1,0,67844,0
Ok,22-09-2025 14:50:00,1758532800,275.80,275.80,275.70,275.70,277.94,17,0,67843,0
Ok,22-09-2025 14:45:00,1758532500,275.50,275.90,275.45,275.80,275.42,536,0,67826,0
Ok,22-09-2025 14:40:00,1758532200,275.50,275.65,275.35,275.35,271.96,335,0,67290,0
Ok,22-09-2025 14:35:00,1758531900,275.50,275.50,275.40,275.50,277.99,549,0,66955,0
Ok,22-09-2025 14:30:00,1758531600,275.50,275.50,275.50,275.50,0.00,0,0,66406,0
Ok,22-09-2025 14:25:00,1758531300,275.50,276.00,275.50,275.50,275.33,1227,0,66406,0
Ok,22-09-2025 14:20:00,1758531000,275.50,275.50,275.50,275.50,278.04,250,0,65179,0
Ok,22-09-2025 14:15:00,1758530700,275.50,275.50,275.50,275.50,0.00,0,0,64929,0
Ok,22-09-2025 14:10:00,1758530400,275.45,275.50,275.45,275.50,274.30,517,0,64929,0
Ok,22-09-2025 14:05:00,1758530100,275.50,275.50,275.45,275.45,278.07,22,0,64412,0
Ok,22-09-2025 14:00:00,1758529800,275.50,276.00,275.50,276.00,278.07,202,0,64390,0
Ok,22-09-2025 13:55:00,1758529500,275.30,275.95,275.30,275.70,278.07,28,0,64188,0
Ok,22-09-2025 13:50:00,1758529200,276.00,276.00,275.25,275.30,278.07,21,0,64160,0
Ok,22-09-2025 13:45:00,1758528900,276.00,276.00,276.00,276.00,260.26,36,0,64139,0
Ok,22-09-2025 13:40:00,1758528600,276.15,276.15,275.95,276.00,278.08,172,0,64103,0
Ok,22-09-2025 13:35:00,1758528300,275.95,276.15,275.95,276.15,0.00,0,0,63931,0
Ok,22-09-2025 13:30:00,1758528000,276.20,276.20,275.95,275.95,278.08,16,0,63931,0
Ok,22-09-2025 13:25:00,1758527700,275.80,276.00,275.75,275.95,278.08,90,0,63915,0
Ok,22-09-2025 13:20:00,1758527400,275.50,275.85,275.50,275.85,271.44,96,0,63825,0
Ok,22-09-2025 13:15:00,1758527100,275.25,275.65,275.10,275.55,278.09,55,0,63729,0
Ok,22-09-2025 13:10:00,1758526800,275.80,275.80,275.35,275.80,278.09,2,0,63674,0
Ok,22-09-2025 13:05:00,1758526500,275.25,275.85,275.25,275.80,278.09,2,0,63672,0
Ok,22-09-2025 13:00:00,1758526200,276.15,276.20,275.25,275.25,273.12,128,0,63670,0
Ok,22-09-2025 12:55:00,1758525900,275.70,276.20,275.70,276.00,278.10,102,0,63542,0
Ok,22-09-2025 12:50:00,1758525600,275.05,275.70,275.05,275.70,275.23,874,0,63440,0
Ok,22-09-2025 12:45:00,1758525300,275.20,275.20,275.00,275.00,275.03,201,0,62566,0
Ok,22-09-2025 12:40:00,1758525000,275.75,275.75,275.05,275.20,274.76,184,0,62365,0
Ok,22-09-2025 12:35:00,1758524700,275.00,275.75,275.00,275.75,275.02,591,0,62181,0
Ok,22-09-2025 12:30:00,1758524400,275.40,275.85,275.40,275.85,278.19,3,0,61590,0
Ok,22-09-2025 12:25:00,1758524100,275.90,275.90,275.30,275.40,278.19,33,0,61587,0
Ok,22-09-2025 12:20:00,1758523800,275.85,275.85,275.10,275.10,276.38,341,0,61554,0
Ok,22-09-2025 12:15:00,1758523500,275.65,275.85,275.65,275.85,269.46,70,0,61213,0
Ok,22-09-2025 12:10:00,1758523200,275.60,275.60,275.60,275.60,278.21,1,0,61143,0
Ok,22-09-2025 12:05:00,1758522900,275.15,275.60,275.15,275.60,276.36,330,0,61142,0
Ok,22-09-2025 12:00:00,1758522600,275.15,275.15,275.15,275.15,278.22,23,0,60812,0
Ok,22-09-2025 11:55:00,1758522300,275.70,275.70,275.15,275.15,275.14,197,0,60789,0
Ok,22-09-2025 11:50:00,1758522000,275.70,275.85,275.70,275.85,278.23,27,0,60592,0
Ok,22-09-2025 11:45:00,1758521700,275.65,275.70,275.00,275.70,274.07,435,0,60565,0
Ok,22-09-2025 11:40:00,1758521400,275.70,275.70,275.05,275.70,275.67,692,0,60130,0
Ok,22-09-2025 11:35:00,1758521100,275.15,275.90,275.15,275.45,278.29,101,0,59438,0
Ok,22-09-2025 11:30:00,1758520800,275.25,276.00,275.15,275.15,275.26,1341,0,59337,0
Ok,22-09-2025 11:25:00,1758520500,275.05,275.85,275.05,275.25,274.98,6971,0,57996,0
Ok,22-09-2025 11:20:00,1758520200,276.80,276.80,275.20,275.20,276.32,1395,0,51025,0
Ok,22-09-2025 11:15:00,1758519900,276.55,277.40,276.40,276.40,276.39,976,0,49630,0
Ok,22-09-2025 11:10:00,1758519600,276.55,276.55,276.40,276.55,276.55,1389,0,48654,0
Ok,22-09-2025 11:05:00,1758519300,277.55,277.55,277.50,277.50,279.01,36,0,47265,0
Ok,22-09-2025 11:00:00,1758519000,277.65,277.70,277.10,277.50,279.01,135,0,47229,0
Ok,22-09-2025 10:55:00,1758518700,277.50,278.20,277.00,278.20,277.53,1557,0,47094,0
Ok,22-09-2025 10:50:00,1758518400,277.45,277.70,276.60,277.50,277.12,465,0,45537,0
Ok,22-09-2025 10:45:00,1758518100,279.00,279.15,278.00,278.00,278.18,993,0,45072,0
Ok,22-09-2025 10:40:00,1758517800,279.15,279.45,278.95,278.95,279.10,235,0,44079,0
Ok,22-09-2025 10:35:00,1758517500,279.30,279.95,278.70,279.00,279.25,6834,0,43844,0
Ok,22-09-2025 10:30:00,1758517200,280.55,281.00,279.55,279.55,280.73,1893,0,37010,0
Ok,22-09-2025 10:25:00,1758516900,279.40,281.30,279.15,281.30,280.12,1177,0,35117,0
Ok,22-09-2025 10:20:00,1758516600,279.90,281.50,279.55,279.55,280.31,1414,0,33940,0
Ok,22-09-2025 10:15:00,1758516300,279.80,280.40,278.95,280.40,280.11,1972,0,32526,0
Ok,22-09-2025 10:10:00,1758516000,280.70,281.30,279.20,280.05,280.13,668,0,30554,0
Ok,22-09-2025 10:05:00,1758515700,279.25,282.00,279.00,281.35,280.11,13024,0,29886,0
Ok,22-09-2025 10:00:00,1758515400,277.10,280.00,277.10,279.55,279.63,5684,0,16862,0
Ok,22-09-2025 09:55:00,1758515100,278.10,278.20,277.40,277.40,281.59,226,0,11178,0
Ok,22-09-2025 09:50:00,1758514800,278.60,278.60,277.50,278.00,276.92,1120,0,10952,0
Ok,22-09-2025 09:45:00,1758514500,276.10,278.70,276.10,278.65,277.75,3556,0,9832,0
Ok,22-09-2025 09:40:00,1758514200,276.60,277.10,275.25,275.60,275.70,1674,0,6276,0
Ok,22-09-2025 09:35:00,1758513900,275.60,276.90,275.60,276.60,276.62,164,0,4602,0
Ok,22-09-2025 09:30:00,1758513600,276.20,276.20,275.60,275.60,275.36,62,0,4438,0
Ok,22-09-2025 09:25:00,1758513300,276.35,277.10,275.70,275.85,276.40,1093,0,4376,0
Ok,22-09-2025 09:20:00,1758513000,274.10,277.40,274.10,277.40,276.81,2137,0,3283,0
Ok,22-09-2025 09:15:00,1758512700,274.70,276.00,273.80,274.10,274.57,1019,0,1146,0
