stat,time,ssboe,into,inth,intl,intc,intvwap,intv,intoi,v,oi
Ok,10-09-2025 15:25:00,1757498100,621.50,625.00,620.00,623.25,621.66,8771,0,124945,0
Ok,10-09-2025 15:20:00,1757497800,618.95,622.00,618.45,621.20,620.32,5279,0,116174,0
Ok,10-09-2025 15:15:00,1757497500,619.05,619.30,618.35,618.35,618.54,2228,0,110895,0
Ok,10-09-2025 15:10:00,1757497200,618.70,619.55,618.25,619.40,618.63,2213,0,108667,0
Ok,10-09-2025 15:05:00,1757496900,618.50,619.00,618.05,618.70,618.33,1901,0,106454,0
Ok,10-09-2025 15:00:00,1757496600,617.80,618.90,617.80,618.00,618.05,1339,0,104553,0
Ok,10-09-2025 14:55:00,1757496300,618.85,618.85,618.00,618.00,618.31,716,0,103214,0
Ok,10-09-2025 14:50:00,1757496000,618.05,619.00,617.30,619.00,618.66,802,0,102498,0
Ok,10-09-2025 14:45:00,1757495700,619.50,619.50,618.05,618.25,619.07,942,0,101696,0
Ok,10-09-2025 14:40:00,1757495400,619.85,619.85,619.00,619.50,619.29,516,0,100754,0
Ok,10-09-2025 14:35:00,1757495100,619.45,619.95,619.40,619.95,619.26,503,0,100238,0
Ok,10-09-2025 14:30:00,1757494800,619.90,619.90,619.00,619.00,619.04,893,0,99735,0
Ok,10-09-2025 14:25:00,1757494500,619.25,619.95,619.00,619.10,619.64,603,0,98842,0
Ok,10-09-2025 14:20:00,1757494200,619.00,619.65,618.25,619.65,617.24,242,0,98239,0
Ok,10-09-2025 14:15:00,1757493900,620.15,620.15,619.35,619.70,620.08,803,0,97997,0
Ok,10-09-2025 14:10:00,1757493600,619.10,620.50,618.55,620.50,619.55,1098,0,97194,0
Ok,10-09-2025 14:05:00,1757493300,619.00,620.25,618.45,619.85,618.98,1218,0,96096,0
Ok,10-09-2025 14:00:00,1757493000,618.05,618.45,617.40,618.45,617.76,526,0,94878,0
Ok,10-09-2025 13:55:00,1757492700,616.00,618.55,616.00,617.40,617.80,1303,0,94352,0
Ok,10-09-2025 13:50:00,1757492400,617.75,617.75,616.80,616.80,617.52,711,0,93049,0
Ok,10-09-2025 13:45:00,1757492100,618.45,618.45,617.30,617.60,617.96,1047,0,92338,0
Ok,10-09-2025 13:40:00,1757491800,615.10,617.55,615.00,616.80,616.70,943,0,91291,0
Ok,10-09-2025 13:35:00,1757491500,615.85,615.95,615.10,615.10,614.87,672,0,90348,0
Ok,10-09-2025 13:30:00,1757491200,615.70,616.05,615.70,615.75,621.60,60,0,89676,0
Ok,10-09-2025 13:25:00,1757490900,616.00,616.30,615.85,616.00,615.69,753,0,89616,0
Ok,10-09-2025 13:20:00,1757490600,615.50,615.75,615.50,615.70,614.12,118,0,88863,0
Ok,10-09-2025 13:15:00,1757490300,616.85,616.85,614.85,615.80,615.91,1371,0,88745,0
Ok,10-09-2025 13:10:00,1757490000,617.10,618.45,616.65,616.65,617.44,1201,0,87374,0
Ok,10-09-2025 13:05:00,1757489700,617.50,617.50,616.55,616.55,616.83,173,0,86173,0
Ok,10-09-2025 13:00:00,1757489400,617.55,617.70,616.60,617.05,617.40,773,0,86000,0
Ok,10-09-2025 12:55:00,1757489100,618.25,618.25,617.85,617.85,616.96,174,0,85227,0
Ok,10-09-2025 12:50:00,1757488800,618.65,618.65,618.00,618.25,619.39,343,0,85053,0
Ok,10-09-2025 12:45:00,1757488500,620.00,620.10,618.40,618.40,618.65,3765,0,84710,0
Ok,10-09-2025 12:40:00,1757488200,620.80,620.80,619.35,619.35,620.73,624,0,80945,0
Ok,10-09-2025 12:35:00,1757487900,620.35,620.80,620.05,620.80,620.22,1305,0,80321,0
Ok,10-09-2025 12:30:00,1757487600,619.30,620.00,619.30,620.00,620.28,878,0,79016,0
Ok,10-09-2025 12:25:00,1757487300,619.85,619.85,619.00,619.30,617.12,157,0,78138,0
Ok,10-09-2025 12:20:00,1757487000,620.05,620.05,619.00,619.85,618.93,490,0,77981,0
Ok,10-09-2025 12:15:00,1757486700,619.25,620.40,618.95,619.65,620.82,595,0,77491,0
Ok,10-09-2025 12:10:00,1757486400,619.45,619.60,619.10,619.15,617.59,338,0,76896,0
Ok,10-09-2025 12:05:00,1757486100,619.35,620.10,618.90,619.85,619.47,569,0,76558,0
Ok,10-09-2025 12:00:00,1757485800,619.00,620.00,618.20,620.00,618.62,1266,0,75989,0
Ok,10-09-2025 11:55:00,1757485500,620.80,620.80,619.00,619.00,621.27,777,0,74723,0
Ok,10-09-2025 11:50:00,1757485200,619.80,620.80,619.80,620.80,620.62,455,0,73946,0
Ok,10-09-2025 11:45:00,1757484900,621.05,621.60,618.90,620.20,619.74,1444,0,73491,0
Ok,10-09-2025 11:40:00,1757484600,621.60,621.95,621.30,621.30,622.30,40,0,72047,0
Ok,10-09-2025 11:35:00,1757484300,621.05,621.95,620.90,621.85,621.33,741,0,72007,0
Ok,10-09-2025 11:30:00,1757484000,621.80,621.80,620.10,620.10,620.56,811,0,71266,0
Ok,10-09-2025 11:25:00,1757483700,621.50,622.00,621.25,621.80,622.33,291,0,70455,0
Ok,10-09-2025 11:20:00,1757483400,622.05,622.95,621.50,622.00,622.33,634,0,70164,0
Ok,10-09-2025 11:15:00,1757483100,623.30,623.30,622.05,622.05,622.33,986,0,69530,0
Ok,10-09-2025 11:10:00,1757482800,623.45,624.40,622.65,622.75,624.22,715,0,68544,0
Ok,10-09-2025 11:05:00,1757482500,623.20,624.00,622.90,622.90,623.58,526,0,67829,0
Ok,10-09-2025 11:00:00,1757482200,622.40,623.25,622.40,623.25,622.30,572,0,67303,0
Ok,10-09-2025 10:55:00,1757481900,622.40,622.40,622.30,622.40,622.30,178,0,66731,0
Ok,10-09-2025 10:50:00,1757481600,622.25,622.25,621.50,622.00,622.30,555,0,66553,0
Ok,10-09-2025 10:45:00,1757481300,621.85,623.05,621.55,621.85,621.93,1767,0,65998,0
Ok,10-09-2025 10:40:00,1757481000,622.65,623.05,620.75,620.75,622.31,1815,0,64231,0
Ok,10-09-2025 10:35:00,1757480700,622.15,623.45,622.00,622.15,622.77,1301,0,62416,0
Ok,10-09-2025 10:30:00,1757480400,623.00,624.55,622.85,622.85,623.28,2380,0,61115,0
Ok,10-09-2025 10:25:00,1757480100,622.80,623.25,622.00,622.50,622.72,1231,0,58735,0
Ok,10-09-2025 10:20:00,1757479800,623.35,624.05,622.00,623.45,623.03,2776,0,57504,0
Ok,10-09-2025 10:15:00,1757479500,625.60,627.10,623.30,623.30,625.06,3070,0,54728,0
Ok,10-09-2025 10:10:00,1757479200,627.10,629.80,626.15,626.15,628.51,9125,0,51658,0
Ok,10-09-2025 10:05:00,1757478900,623.40,627.40,623.20,627.00,625.11,5105,0,42533,0
Ok,10-09-2025 10:00:00,1757478600,622.40,624.60,621.95,624.60,623.34,2232,0,37428,0
Ok,10-09-2025 09:55:00,1757478300,621.85,622.65,621.85,622.55,622.08,763,0,35196,0
Ok,10-09-2025 09:50:00,1757478000,623.05,624.00,621.00,622.00,622.33,2144,0,34433,0
Ok,10-09-2025 09:45:00,1757477700,623.00,623.80,621.90,623.00,623.05,4505,0,32289,0
Ok,10-09-2025 09:40:00,1757477400,618.60,624.00,618.60,623.35,621.75,4757,0,27784,0
Ok,10-09-2025 09:35:00,1757477100,614.10,619.55,614.00,619.35,615.59,3279,0,23027,0
Ok,10-09-2025 09:30:00,1757476800,614.60,614.90,613.35,613.80,613.93,1655,0,19748,0
Ok,10-09-2025 09:25:00,1757476500,616.25,616.25,613.55,614.90,614.68,4415,0,18093,0
Ok,10-09-2025 09:20:00,1757476200,621.45,621.45,615.65,617.50,618.52,5471,0,13678,0
Ok,10-09-2025 09:15:00,1757475900,622.00,625.45,621.00,621.00,622.63,7802,0,8207,0
