stat,time,ssboe,into,inth,intl,intc,intvwap,intv,intoi,v,oi
Ok,10-09-2025 15:25:00,1757498100,545.00,545.40,544.10,544.30,544.75,25025,0,1113858,0
Ok,10-09-2025 15:20:00,1757497800,544.70,545.00,544.60,544.95,544.91,21974,0,1088833,0
Ok,10-09-2025 15:15:00,1757497500,545.40,545.55,544.30,544.55,544.95,25733,0,1066859,0
Ok,10-09-2025 15:10:00,1757497200,545.05,546.00,545.05,545.75,545.84,24057,0,1041126,0
Ok,10-09-2025 15:05:00,1757496900,545.45,545.45,544.75,545.30,545.33,11943,0,1017069,0
Ok,10-09-2025 15:00:00,1757496600,545.20,546.00,544.50,545.30,544.67,10542,0,1005126,0
Ok,10-09-2025 14:55:00,1757496300,544.80,545.60,544.35,545.00,545.79,12972,0,994584,0
Ok,10-09-2025 14:50:00,1757496000,544.50,545.00,544.50,545.00,544.49,5540,0,981612,0
Ok,10-09-2025 14:45:00,1757495700,544.80,545.05,544.30,544.75,544.62,15135,0,976072,0
Ok,10-09-2025 14:40:00,1757495400,545.25,545.55,544.45,544.60,544.60,4979,0,960937,0
Ok,10-09-2025 14:35:00,1757495100,544.85,545.60,544.60,545.55,544.62,4893,0,955958,0
Ok,10-09-2025 14:30:00,1757494800,544.25,544.85,544.00,544.55,544.29,5825,0,951065,0
Ok,10-09-2025 14:25:00,1757494500,543.65,544.35,543.65,544.00,542.66,2910,0,945240,0
Ok,10-09-2025 14:20:00,1757494200,544.45,544.45,543.60,543.85,544.46,5197,0,942330,0
Ok,10-09-2025 14:15:00,1757493900,544.15,544.55,544.05,544.30,542.65,3415,0,937133,0
Ok,10-09-2025 14:10:00,1757493600,544.20,544.20,544.00,544.20,544.82,4263,0,933718,0
Ok,10-09-2025 14:05:00,1757493300,544.30,544.50,544.00,544.00,545.46,3283,0,929455,0
Ok,10-09-2025 14:00:00,1757493000,544.50,544.90,544.25,544.35,542.63,4149,0,926172,0
Ok,10-09-2025 13:55:00,1757492700,545.45,545.45,544.35,544.45,545.04,7554,0,922023,0
Ok,10-09-2025 13:50:00,1757492400,545.25,545.45,544.45,545.40,545.42,12786,0,914469,0
Ok,10-09-2025 13:45:00,1757492100,545.95,546.00,544.35,545.15,545.66,14322,0,901683,0
Ok,10-09-2025 13:40:00,1757491800,547.05,547.05,545.80,545.85,546.66,10576,0,887361,0
Ok,10-09-2025 13:35:00,1757491500,547.00,547.05,547.00,547.00,546.00,4928,0,876785,0
Ok,10-09-2025 13:30:00,1757491200,547.35,547.40,547.00,547.00,547.08,12969,0,871857,0
Ok,10-09-2025 13:25:00,1757490900,547.60,547.60,547.00,547.20,547.69,6412,0,858888,0
Ok,10-09-2025 13:20:00,1757490600,546.85,548.00,546.80,547.35,547.25,16976,0,852476,0
Ok,10-09-2025 13:15:00,1757490300,546.05,547.15,545.60,546.80,546.63,11237,0,835500,0
Ok,10-09-2025 13:10:00,1757490000,546.55,546.80,546.20,546.20,546.36,5862,0,824263,0
Ok,10-09-2025 13:05:00,1757489700,547.60,547.65,546.25,546.50,546.89,11868,0,818401,0
Ok,10-09-2025 13:00:00,1757489400,547.10,548.30,546.70,547.65,547.76,40444,0,806533,0
Ok,10-09-2025 12:55:00,1757489100,544.20,547.50,544.15,547.50,546.02,74909,0,766089,0
Ok,10-09-2025 12:50:00,1757488800,543.00,544.25,542.60,544.25,543.40,12977,0,691180,0
Ok,10-09-2025 12:45:00,1757488500,542.65,544.05,542.00,542.80,543.34,54298,0,678203,0
Ok,10-09-2025 12:40:00,1757488200,540.15,541.50,539.65,541.25,540.40,17740,0,623905,0
Ok,10-09-2025 12:35:00,1757487900,540.55,540.55,540.10,540.25,539.00,2851,0,606165,0
Ok,10-09-2025 12:30:00,1757487600,540.40,540.55,540.30,540.40,541.13,2871,0,603314,0
Ok,10-09-2025 12:25:00,1757487300,540.30,540.50,540.05,540.30,541.13,1932,0,600443,0
Ok,10-09-2025 12:20:00,1757487000,540.55,540.55,540.05,540.55,539.44,3542,0,598511,0
Ok,10-09-2025 12:15:00,1757486700,540.70,540.70,540.00,540.25,541.14,3520,0,594969,0
Ok,10-09-2025 12:10:00,1757486400,540.80,541.20,540.50,540.55,541.14,2421,0,591449,0
Ok,10-09-2025 12:05:00,1757486100,540.25,540.85,539.85,540.85,537.00,2838,0,589028,0
Ok,10-09-2025 12:00:00,1757485800,540.20,540.30,539.65,539.80,540.58,10105,0,586190,0
Ok,10-09-2025 11:55:00,1757485500,540.60,540.75,540.30,540.35,541.17,6464,0,576085,0
Ok,10-09-2025 11:50:00,1757485200,540.85,540.85,540.55,540.80,539.20,2886,0,569621,0
Ok,10-09-2025 11:45:00,1757484900,541.30,541.45,540.60,540.60,541.18,3537,0,566735,0
Ok,10-09-2025 11:40:00,1757484600,541.55,541.65,540.90,541.20,541.18,5692,0,563198,0
Ok,10-09-2025 11:35:00,1757484300,541.65,541.90,541.25,541.50,541.18,2977,0,557506,0
Ok,10-09-2025 11:30:00,1757484000,541.80,542.45,541.50,541.90,541.85,8097,0,554529,0
Ok,10-09-2025 11:25:00,1757483700,542.25,542.70,541.45,541.80,542.36,8956,0,546432,0
Ok,10-09-2025 11:20:00,1757483400,541.25,542.40,540.60,542.10,541.15,11467,0,537476,0
Ok,10-09-2025 11:15:00,1757483100,540.45,541.40,540.15,541.30,541.14,10463,0,526009,0
Ok,10-09-2025 11:10:00,1757482800,540.95,540.95,540.15,540.50,541.15,5327,0,515546,0
Ok,10-09-2025 11:05:00,1757482500,540.35,541.45,540.30,540.45,540.56,8617,0,510219,0
Ok,10-09-2025 11:00:00,1757482200,540.65,540.85,540.10,540.45,541.16,2844,0,501602,0
Ok,10-09-2025 10:55:00,1757481900,540.00,541.30,540.00,540.45,540.50,7553,0,498758,0
Ok,10-09-2025 10:50:00,1757481600,540.30,540.30,539.65,540.10,539.44,5649,0,491205,0
Ok,10-09-2025 10:45:00,1757481300,540.10,540.65,540.05,540.05,540.63,8669,0,485556,0
Ok,10-09-2025 10:40:00,1757481000,540.70,540.95,540.00,540.05,540.31,5319,0,476887,0
Ok,10-09-2025 10:35:00,1757480700,541.00,541.25,539.50,540.30,539.77,27926,0,471568,0
Ok,10-09-2025 10:30:00,1757480400,540.80,541.35,539.00,541.30,539.91,40769,0,443642,0
Ok,10-09-2025 10:25:00,1757480100,542.90,542.90,540.40,540.60,541.21,17467,0,402873,0
Ok,10-09-2025 10:20:00,1757479800,543.90,543.90,542.35,542.70,543.62,6933,0,385406,0
Ok,10-09-2025 10:15:00,1757479500,544.60,545.00,543.50,543.65,544.09,5547,0,378473,0
Ok,10-09-2025 10:10:00,1757479200,543.90,544.35,543.05,544.30,543.63,8022,0,372926,0
Ok,10-09-2025 10:05:00,1757478900,545.05,545.45,544.00,544.00,544.70,9424,0,364904,0
Ok,10-09-2025 10:00:00,1757478600,543.90,546.00,543.90,545.25,545.06,24116,0,355480,0
Ok,10-09-2025 09:55:00,1757478300,542.60,544.30,542.35,543.85,543.47,16183,0,331364,0
Ok,10-09-2025 09:50:00,1757478000,542.30,542.60,541.15,542.45,541.67,17378,0,315181,0
Ok,10-09-2025 09:45:00,1757477700,544.25,544.50,542.15,542.50,543.43,14817,0,297803,0
Ok,10-09-2025 09:40:00,1757477400,543.75,544.50,543.50,544.45,544.01,15738,0,282986,0
Ok,10-09-2025 09:35:00,1757477100,542.05,544.60,542.05,543.50,543.87,50289,0,267248,0
Ok,10-09-2025 09:30:00,1757476800,541.55,542.90,541.20,542.20,542.16,30771,0,216959,0
Ok,10-09-2025 09:25:00,1757476500,537.05,541.30,537.05,541.30,538.97,38855,0,186188,0
Ok,10-09-2025 09:20:00,1757476200,539.60,539.60,536.60,537.60,537.52,84905,0,147333,0
Ok,10-09-2025 09:15:00,1757475900,540.00,543.65,539.25,539.75,574.57,58848,0,62428,0
