stat,time,ssboe,into,inth,intl,intc,intvwap,intv,intoi,v,oi
Ok,10-09-2025 15:25:00,1757498100,547.35,547.95,547.10,547.40,547.62,42384,0,874868,0
Ok,10-09-2025 15:20:00,1757497800,547.95,548.00,547.65,547.65,547.96,39845,0,832484,0
Ok,10-09-2025 15:15:00,1757497500,547.70,548.00,547.10,548.00,547.66,24300,0,792639,0
Ok,10-09-2025 15:10:00,1757497200,546.95,547.80,546.95,547.65,547.37,38147,0,768339,0
Ok,10-09-2025 15:05:00,1757496900,546.75,547.00,546.70,547.00,547.10,12615,0,730192,0
Ok,10-09-2025 15:00:00,1757496600,546.95,547.00,546.55,546.80,546.60,21349,0,717577,0
Ok,10-09-2025 14:55:00,1757496300,546.70,546.90,546.40,546.75,546.69,8967,0,696228,0
Ok,10-09-2025 14:50:00,1757496000,546.55,546.80,546.30,546.65,548.04,3224,0,687261,0
Ok,10-09-2025 14:45:00,1757495700,546.30,546.75,546.05,546.50,545.91,5533,0,684037,0
Ok,10-09-2025 14:40:00,1757495400,546.35,546.65,546.05,546.05,545.91,4654,0,678504,0
Ok,10-09-2025 14:35:00,1757495100,546.40,546.75,546.20,546.65,548.03,3156,0,673850,0
Ok,10-09-2025 14:30:00,1757494800,546.30,546.55,546.00,546.20,545.90,7891,0,670694,0
Ok,10-09-2025 14:25:00,1757494500,546.10,546.30,546.00,546.15,545.90,3580,0,662803,0
Ok,10-09-2025 14:20:00,1757494200,545.95,546.10,545.95,546.00,545.90,9141,0,659223,0
Ok,10-09-2025 14:15:00,1757493900,546.65,546.65,546.00,546.00,545.90,3808,0,650082,0
Ok,10-09-2025 14:10:00,1757493600,546.55,546.75,546.55,546.60,552.31,1006,0,646274,0
Ok,10-09-2025 14:05:00,1757493300,546.10,546.90,546.05,546.60,546.12,26162,0,645268,0
Ok,10-09-2025 14:00:00,1757493000,546.20,546.20,546.10,546.20,548.73,2161,0,619106,0
Ok,10-09-2025 13:55:00,1757492700,546.05,546.20,546.05,546.10,545.87,1949,0,616945,0
Ok,10-09-2025 13:50:00,1757492400,546.15,546.20,546.00,546.00,545.87,2173,0,614996,0
Ok,10-09-2025 13:45:00,1757492100,546.00,546.20,546.00,546.05,545.87,4641,0,612823,0
Ok,10-09-2025 13:40:00,1757491800,546.05,546.10,546.00,546.05,545.87,16121,0,608182,0
Ok,10-09-2025 13:35:00,1757491500,546.05,546.05,546.00,546.00,545.87,3034,0,592061,0
Ok,10-09-2025 13:30:00,1757491200,546.00,546.05,545.60,546.00,546.05,57807,0,589027,0
Ok,10-09-2025 13:25:00,1757490900,546.15,546.25,546.00,546.20,545.85,1399,0,531220,0
Ok,10-09-2025 13:20:00,1757490600,546.00,546.10,545.60,546.10,545.85,10992,0,529821,0
Ok,10-09-2025 13:15:00,1757490300,546.05,546.25,545.90,546.05,545.85,9397,0,518829,0
Ok,10-09-2025 13:10:00,1757490000,546.05,546.10,546.00,546.10,545.85,3610,0,509432,0
Ok,10-09-2025 13:05:00,1757489700,546.05,546.10,545.95,546.00,546.43,8433,0,505822,0
Ok,10-09-2025 13:00:00,1757489400,546.00,546.20,546.00,546.00,545.84,1562,0,497389,0
Ok,10-09-2025 12:55:00,1757489100,546.20,546.30,546.00,546.20,545.84,2723,0,495827,0
Ok,10-09-2025 12:50:00,1757488800,546.05,546.05,545.85,546.00,545.84,3888,0,493104,0
Ok,10-09-2025 12:45:00,1757488500,546.20,546.35,546.00,546.00,545.84,6647,0,489216,0
Ok,10-09-2025 12:40:00,1757488200,546.05,546.05,545.80,546.05,546.36,9016,0,482569,0
Ok,10-09-2025 12:35:00,1757487900,546.35,546.35,546.00,546.00,545.83,12921,0,473553,0
Ok,10-09-2025 12:30:00,1757487600,546.35,546.70,546.25,546.30,545.83,1577,0,460632,0
Ok,10-09-2025 12:25:00,1757487300,546.50,546.85,546.20,546.50,546.75,4909,0,459055,0
Ok,10-09-2025 12:20:00,1757487000,546.40,546.65,546.35,546.65,545.82,1754,0,454146,0
Ok,10-09-2025 12:15:00,1757486700,546.15,546.50,546.10,546.50,545.82,1129,0,452392,0
Ok,10-09-2025 12:10:00,1757486400,546.35,546.85,546.10,546.30,547.51,2646,0,451263,0
Ok,10-09-2025 12:05:00,1757486100,546.00,546.65,546.00,546.65,546.24,10094,0,448617,0
Ok,10-09-2025 12:00:00,1757485800,546.20,546.50,545.10,546.10,545.80,17510,0,438523,0
Ok,10-09-2025 11:55:00,1757485500,546.15,546.40,546.00,546.25,546.48,6017,0,421013,0
Ok,10-09-2025 11:50:00,1757485200,546.00,546.20,546.00,546.10,545.79,9965,0,414996,0
Ok,10-09-2025 11:45:00,1757484900,546.70,546.75,545.90,545.90,546.47,5792,0,405031,0
Ok,10-09-2025 11:40:00,1757484600,547.30,547.75,546.70,546.75,547.39,11961,0,399239,0
Ok,10-09-2025 11:35:00,1757484300,547.40,548.00,547.30,547.50,547.76,7465,0,387278,0
Ok,10-09-2025 11:30:00,1757484000,547.25,547.45,547.05,547.30,547.89,3403,0,379813,0
Ok,10-09-2025 11:25:00,1757483700,547.05,547.45,547.00,547.30,546.84,6247,0,376410,0
Ok,10-09-2025 11:20:00,1757483400,546.45,547.15,546.00,547.00,546.30,16086,0,370163,0
Ok,10-09-2025 11:15:00,1757483100,545.60,546.25,545.35,546.20,546.30,5061,0,354077,0
Ok,10-09-2025 11:10:00,1757482800,545.75,545.85,545.40,545.40,545.61,3592,0,349016,0
Ok,10-09-2025 11:05:00,1757482500,545.40,546.55,545.20,545.55,545.93,10389,0,345424,0
Ok,10-09-2025 11:00:00,1757482200,543.95,545.90,543.95,545.20,545.17,53449,0,335035,0
Ok,10-09-2025 10:55:00,1757481900,544.30,544.30,543.85,544.15,543.83,3026,0,281586,0
Ok,10-09-2025 10:50:00,1757481600,544.00,544.35,543.80,544.00,544.26,5728,0,278560,0
Ok,10-09-2025 10:45:00,1757481300,543.95,544.30,543.75,544.30,544.15,8419,0,272832,0
Ok,10-09-2025 10:40:00,1757481000,544.60,544.60,543.95,544.00,543.81,5271,0,264413,0
Ok,10-09-2025 10:35:00,1757480700,544.80,544.80,544.45,544.65,544.60,8266,0,259142,0
Ok,10-09-2025 10:30:00,1757480400,544.80,544.90,544.60,544.60,545.28,4307,0,250876,0
Ok,10-09-2025 10:25:00,1757480100,544.50,544.90,544.45,544.75,544.69,6148,0,246569,0
Ok,10-09-2025 10:20:00,1757479800,545.80,545.85,544.25,544.55,545.02,13052,0,240421,0
Ok,10-09-2025 10:15:00,1757479500,545.70,546.30,545.40,545.75,545.86,24015,0,227369,0
Ok,10-09-2025 10:10:00,1757479200,545.70,545.95,545.65,545.65,545.66,6726,0,203354,0
Ok,10-09-2025 10:05:00,1757478900,545.40,546.05,545.15,545.90,545.62,10694,0,196628,0
Ok,10-09-2025 10:00:00,1757478600,544.80,545.85,544.80,545.35,545.10,25551,0,185934,0
Ok,10-09-2025 09:55:00,1757478300,545.25,545.25,544.00,544.25,544.12,13233,0,160383,0
Ok,10-09-2025 09:50:00,1757478000,545.60,546.00,545.00,545.30,545.27,8140,0,147150,0
Ok,10-09-2025 09:45:00,1757477700,545.90,545.95,545.25,545.90,545.72,6170,0,139010,0
Ok,10-09-2025 09:40:00,1757477400,545.65,546.10,545.00,545.95,545.57,11838,0,132840,0
Ok,10-09-2025 09:35:00,1757477100,546.00,546.00,545.45,545.50,545.48,3560,0,121002,0
Ok,10-09-2025 09:30:00,1757476800,546.80,546.90,545.50,545.95,546.01,21230,0,117442,0
Ok,10-09-2025 09:25:00,1757476500,545.40,547.00,544.70,547.00,545.65,25201,0,96212,0
Ok,10-09-2025 09:20:00,1757476200,545.95,546.10,545.40,545.55,545.77,19270,0,71011,0
Ok,10-09-2025 09:15:00,1757475900,546.05,548.95,546.00,546.00,580.17,48818,0,51741,0
