stat,time,ssboe,into,inth,intl,intc,intvwap,intv,intoi,v,oi
Ok,10-09-2025 15:25:00,1757498100,107.94,108.50,107.80,108.00,108.05,26352,0,661039,0
Ok,10-09-2025 15:20:00,1757497800,108.05,108.20,107.81,107.89,108.93,16440,0,634687,0
Ok,10-09-2025 15:15:00,1757497500,107.60,108.02,107.40,108.00,107.45,38733,0,618247,0
Ok,10-09-2025 15:10:00,1757497200,107.87,107.98,107.60,107.67,107.54,28731,0,579514,0
Ok,10-09-2025 15:05:00,1757496900,108.10,108.18,107.77,107.79,108.40,3743,0,550783,0
Ok,10-09-2025 15:00:00,1757496600,107.77,108.50,107.77,108.05,108.16,25573,0,547040,0
Ok,10-09-2025 14:55:00,1757496300,107.77,107.89,107.60,107.89,107.67,19002,0,521467,0
Ok,10-09-2025 14:50:00,1757496000,107.90,108.23,107.68,107.93,108.03,27926,0,502465,0
Ok,10-09-2025 14:45:00,1757495700,107.60,107.85,107.35,107.85,107.50,24568,0,474539,0
Ok,10-09-2025 14:40:00,1757495400,108.11,108.17,107.60,107.70,107.75,8675,0,449971,0
Ok,10-09-2025 14:35:00,1757495100,107.80,108.50,107.75,108.20,108.15,51343,0,441296,0
Ok,10-09-2025 14:30:00,1757494800,107.25,107.77,107.25,107.75,107.54,18268,0,389953,0
Ok,10-09-2025 14:25:00,1757494500,107.30,107.40,107.25,107.30,106.48,863,0,371685,0
Ok,10-09-2025 14:20:00,1757494200,107.25,107.30,107.25,107.25,106.48,861,0,370822,0
Ok,10-09-2025 14:15:00,1757493900,107.43,107.43,107.07,107.20,107.37,8027,0,369961,0
Ok,10-09-2025 14:10:00,1757493600,107.40,107.60,107.40,107.48,108.04,2263,0,361934,0
Ok,10-09-2025 14:05:00,1757493300,107.33,107.34,107.28,107.33,106.45,1236,0,359671,0
Ok,10-09-2025 14:00:00,1757493000,107.38,107.38,107.24,107.31,110.36,912,0,358435,0
Ok,10-09-2025 13:55:00,1757492700,107.41,107.47,107.37,107.38,107.18,4726,0,357523,0
Ok,10-09-2025 13:50:00,1757492400,107.42,107.42,107.00,107.41,106.87,7788,0,352797,0
Ok,10-09-2025 13:45:00,1757492100,107.50,107.60,107.50,107.60,107.59,8535,0,345009,0
Ok,10-09-2025 13:40:00,1757491800,107.17,107.50,107.15,107.44,107.41,6445,0,336474,0
Ok,10-09-2025 13:35:00,1757491500,107.08,107.13,107.02,107.13,106.37,473,0,330029,0
Ok,10-09-2025 13:30:00,1757491200,107.36,107.36,107.07,107.20,107.51,2841,0,329556,0
Ok,10-09-2025 13:25:00,1757490900,107.24,107.51,107.24,107.36,107.35,15465,0,326715,0
Ok,10-09-2025 13:20:00,1757490600,107.19,107.26,107.15,107.26,107.29,3132,0,311250,0
Ok,10-09-2025 13:15:00,1757490300,107.15,107.19,107.00,107.15,106.93,9369,0,308118,0
Ok,10-09-2025 13:10:00,1757490000,106.40,107.13,106.30,107.13,106.73,24062,0,298749,0
Ok,10-09-2025 13:05:00,1757489700,106.14,106.50,106.10,106.42,106.24,3667,0,274687,0
Ok,10-09-2025 13:00:00,1757489400,105.94,106.10,105.94,106.10,106.24,2810,0,271020,0
Ok,10-09-2025 12:55:00,1757489100,105.56,105.68,105.32,105.58,104.98,4226,0,268210,0
Ok,10-09-2025 12:50:00,1757488800,106.15,106.15,105.60,105.60,105.82,5896,0,263984,0
Ok,10-09-2025 12:45:00,1757488500,105.41,106.08,105.31,106.08,105.85,17296,0,258088,0
Ok,10-09-2025 12:40:00,1757488200,105.59,105.59,105.31,105.31,105.42,2715,0,240792,0
Ok,10-09-2025 12:35:00,1757487900,105.41,105.62,105.40,105.51,104.72,2963,0,238077,0
Ok,10-09-2025 12:30:00,1757487600,105.47,105.60,105.40,105.48,106.33,4335,0,235114,0
Ok,10-09-2025 12:25:00,1757487300,105.49,105.53,105.40,105.53,105.57,3025,0,230779,0
Ok,10-09-2025 12:20:00,1757487000,105.41,105.79,105.40,105.50,105.54,5650,0,227754,0
Ok,10-09-2025 12:15:00,1757486700,105.36,105.47,105.31,105.47,105.01,3256,0,222104,0
Ok,10-09-2025 12:10:00,1757486400,105.30,105.37,105.30,105.31,105.59,2743,0,218848,0
Ok,10-09-2025 12:05:00,1757486100,105.36,105.38,105.30,105.34,104.78,2667,0,216105,0
Ok,10-09-2025 12:00:00,1757485800,105.45,105.45,105.30,105.30,105.49,4583,0,213438,0
Ok,10-09-2025 11:55:00,1757485500,105.50,105.50,105.30,105.46,105.63,2608,0,208855,0
Ok,10-09-2025 11:50:00,1757485200,105.35,105.49,105.27,105.49,105.05,4368,0,206247,0
Ok,10-09-2025 11:45:00,1757484900,105.57,105.57,105.40,105.40,105.59,2288,0,201879,0
Ok,10-09-2025 11:40:00,1757484600,105.50,105.60,105.35,105.50,105.52,8048,0,199591,0
Ok,10-09-2025 11:35:00,1757484300,105.31,105.52,105.31,105.43,105.87,2928,0,191543,0
Ok,10-09-2025 11:30:00,1757484000,105.49,105.53,105.40,105.40,105.42,3367,0,188615,0
Ok,10-09-2025 11:25:00,1757483700,105.53,105.54,105.31,105.50,105.43,4872,0,185248,0
Ok,10-09-2025 11:20:00,1757483400,105.43,105.65,105.43,105.44,105.20,3860,0,180376,0
Ok,10-09-2025 11:15:00,1757483100,105.60,105.64,105.43,105.46,105.38,2833,0,176516,0
Ok,10-09-2025 11:10:00,1757482800,105.44,105.67,105.42,105.54,105.68,7082,0,173683,0
Ok,10-09-2025 11:05:00,1757482500,105.76,105.84,105.52,105.52,105.70,9818,0,166601,0
Ok,10-09-2025 11:00:00,1757482200,105.68,105.68,105.41,105.61,105.74,4664,0,156783,0
Ok,10-09-2025 10:55:00,1757481900,105.63,105.74,105.63,105.63,105.43,3370,0,152119,0
Ok,10-09-2025 10:50:00,1757481600,105.62,105.81,105.53,105.63,105.86,3144,0,148749,0
Ok,10-09-2025 10:45:00,1757481300,106.21,106.21,105.63,105.63,105.94,12377,0,145605,0
Ok,10-09-2025 10:40:00,1757481000,106.40,106.45,106.21,106.21,106.38,5162,0,133228,0
Ok,10-09-2025 10:35:00,1757480700,106.62,106.62,106.41,106.50,106.91,1528,0,128066,0
Ok,10-09-2025 10:30:00,1757480400,106.42,106.71,106.35,106.61,106.51,11759,0,126538,0
Ok,10-09-2025 10:25:00,1757480100,106.58,106.58,106.36,106.43,106.95,617,0,114779,0
Ok,10-09-2025 10:20:00,1757479800,106.57,106.57,106.31,106.56,106.57,2929,0,114162,0
Ok,10-09-2025 10:15:00,1757479500,106.66,106.79,106.60,106.60,105.98,2240,0,111233,0
Ok,10-09-2025 10:10:00,1757479200,106.74,106.81,106.60,106.60,106.98,1449,0,108993,0
Ok,10-09-2025 10:05:00,1757478900,106.61,106.84,106.60,106.75,106.98,2542,0,107544,0
Ok,10-09-2025 10:00:00,1757478600,106.75,106.78,106.65,106.71,106.98,1787,0,105002,0
Ok,10-09-2025 09:55:00,1757478300,106.77,106.83,106.70,106.70,106.58,2557,0,103215,0
Ok,10-09-2025 09:50:00,1757478000,106.85,107.05,106.75,106.77,106.99,8757,0,100658,0
Ok,10-09-2025 09:45:00,1757477700,107.73,107.94,106.60,106.72,107.48,15355,0,91901,0
Ok,10-09-2025 09:40:00,1757477400,106.82,107.90,106.53,107.78,107.39,20140,0,76546,0
Ok,10-09-2025 09:35:00,1757477100,106.35,107.51,106.15,106.74,107.08,27772,0,56406,0
Ok,10-09-2025 09:30:00,1757476800,105.95,106.53,105.95,106.29,106.43,8392,0,28634,0
Ok,10-09-2025 09:25:00,1757476500,105.92,106.21,105.80,106.12,105.89,1398,0,20242,0
Ok,10-09-2025 09:20:00,1757476200,105.80,106.03,105.80,106.00,105.95,3357,0,18844,0
Ok,10-09-2025 09:15:00,1757475900,106.02,106.75,105.78,105.90,106.41,14682,0,15487,0
