stat,time,ssboe,into,inth,intl,intc,intvwap,intv,intoi,v,oi
Ok,10-09-2025 15:25:00,1757498100,304.25,304.40,303.90,303.90,304.03,8302,0,243863,0
Ok,10-09-2025 15:20:00,1757497800,304.25,304.25,303.60,304.10,303.77,10409,0,235561,0
Ok,10-09-2025 15:15:00,1757497500,304.15,304.50,304.00,304.30,304.28,6706,0,225152,0
Ok,10-09-2025 15:10:00,1757497200,304.65,304.70,304.35,304.40,303.94,1294,0,218446,0
Ok,10-09-2025 15:05:00,1757496900,304.40,304.75,304.00,304.60,304.71,9020,0,217152,0
Ok,10-09-2025 15:00:00,1757496600,304.10,304.40,304.10,304.35,303.61,2983,0,208132,0
Ok,10-09-2025 14:55:00,1757496300,304.20,304.20,304.00,304.15,305.71,741,0,205149,0
Ok,10-09-2025 14:50:00,1757496000,304.00,304.20,303.70,304.20,304.35,1503,0,204408,0
Ok,10-09-2025 14:45:00,1757495700,304.35,304.40,304.10,304.35,301.41,471,0,202905,0
Ok,10-09-2025 14:40:00,1757495400,304.35,304.40,304.10,304.10,302.15,1127,0,202434,0
Ok,10-09-2025 14:35:00,1757495100,304.25,304.50,304.00,304.00,305.75,893,0,201307,0
Ok,10-09-2025 14:30:00,1757494800,304.25,304.50,304.25,304.50,305.75,458,0,200414,0
Ok,10-09-2025 14:25:00,1757494500,304.45,304.50,304.35,304.35,305.75,1114,0,199956,0
Ok,10-09-2025 14:20:00,1757494200,304.40,304.45,304.00,304.45,300.83,404,0,198842,0
Ok,10-09-2025 14:15:00,1757493900,304.50,304.50,304.40,304.50,305.76,621,0,198438,0
Ok,10-09-2025 14:10:00,1757493600,304.55,304.65,304.40,304.50,304.10,1192,0,197817,0
Ok,10-09-2025 14:05:00,1757493300,304.40,304.65,304.40,304.55,305.77,234,0,196625,0
Ok,10-09-2025 14:00:00,1757493000,304.60,304.60,304.40,304.55,305.77,565,0,196391,0
Ok,10-09-2025 13:55:00,1757492700,304.60,304.65,304.35,304.65,305.77,250,0,195826,0
Ok,10-09-2025 13:50:00,1757492400,304.55,304.65,304.05,304.65,303.41,1649,0,195576,0
Ok,10-09-2025 13:45:00,1757492100,304.55,304.60,304.25,304.55,305.79,390,0,193927,0
Ok,10-09-2025 13:40:00,1757491800,304.45,304.60,304.40,304.60,305.79,898,0,193537,0
Ok,10-09-2025 13:35:00,1757491500,304.65,304.65,304.40,304.45,289.47,118,0,192639,0
Ok,10-09-2025 13:30:00,1757491200,304.70,304.75,304.40,304.65,305.80,1094,0,192521,0
Ok,10-09-2025 13:25:00,1757490900,304.45,304.80,304.40,304.70,304.16,1162,0,191427,0
Ok,10-09-2025 13:20:00,1757490600,304.40,304.50,304.20,304.45,304.78,1848,0,190265,0
Ok,10-09-2025 13:15:00,1757490300,304.40,304.50,304.25,304.50,301.96,488,0,188417,0
Ok,10-09-2025 13:10:00,1757490000,304.75,304.75,304.30,304.40,304.70,1662,0,187929,0
Ok,10-09-2025 13:05:00,1757489700,304.85,304.85,304.50,304.75,304.26,1178,0,186267,0
Ok,10-09-2025 13:00:00,1757489400,304.85,304.90,304.55,304.85,305.85,754,0,185089,0
Ok,10-09-2025 12:55:00,1757489100,304.90,304.90,304.50,304.85,304.14,1080,0,184335,0
Ok,10-09-2025 12:50:00,1757488800,304.70,304.90,304.70,304.90,305.86,517,0,183255,0
Ok,10-09-2025 12:45:00,1757488500,304.85,304.90,304.65,304.90,305.86,214,0,182738,0
Ok,10-09-2025 12:40:00,1757488200,304.95,304.95,304.60,304.85,303.45,757,0,182524,0
Ok,10-09-2025 12:35:00,1757487900,304.75,304.85,304.65,304.85,305.87,313,0,181767,0
Ok,10-09-2025 12:30:00,1757487600,304.80,304.80,304.40,304.65,305.87,957,0,181454,0
Ok,10-09-2025 12:25:00,1757487300,304.25,304.85,304.25,304.75,304.43,1247,0,180497,0
Ok,10-09-2025 12:20:00,1757487000,304.65,304.70,304.50,304.50,304.03,970,0,179250,0
Ok,10-09-2025 12:15:00,1757486700,304.50,304.80,304.30,304.70,304.39,1188,0,178280,0
Ok,10-09-2025 12:10:00,1757486400,304.90,305.00,304.00,304.45,304.68,28329,0,177092,0
Ok,10-09-2025 12:05:00,1757486100,304.90,305.00,304.90,305.00,304.99,1307,0,148763,0
Ok,10-09-2025 12:00:00,1757485800,305.00,305.00,304.90,305.00,303.81,631,0,147456,0
Ok,10-09-2025 11:55:00,1757485500,305.00,305.00,304.90,305.00,305.09,7958,0,146825,0
Ok,10-09-2025 11:50:00,1757485200,305.00,305.00,304.60,305.00,305.02,10865,0,138867,0
Ok,10-09-2025 11:45:00,1757484900,305.80,306.00,305.55,305.55,305.39,1396,0,128002,0
Ok,10-09-2025 11:40:00,1757484600,305.65,306.05,305.65,306.00,306.32,434,0,126606,0
Ok,10-09-2025 11:35:00,1757484300,305.95,306.00,305.55,305.95,306.32,1250,0,126172,0
Ok,10-09-2025 11:30:00,1757484000,306.00,306.00,305.85,306.00,305.81,2439,0,124922,0
Ok,10-09-2025 11:25:00,1757483700,306.50,306.50,305.85,306.00,306.07,4683,0,122483,0
Ok,10-09-2025 11:20:00,1757483400,305.95,307.25,305.95,306.50,306.53,10823,0,117800,0
Ok,10-09-2025 11:15:00,1757483100,307.30,307.30,305.90,305.90,306.73,2510,0,106977,0
Ok,10-09-2025 11:10:00,1757482800,307.00,307.30,307.00,307.00,306.31,157,0,104467,0
Ok,10-09-2025 11:05:00,1757482500,307.10,307.50,307.00,307.20,306.31,351,0,104310,0
Ok,10-09-2025 11:00:00,1757482200,307.25,307.45,307.25,307.45,306.31,287,0,103959,0
Ok,10-09-2025 10:55:00,1757481900,307.25,307.50,307.00,307.45,307.87,658,0,103672,0
Ok,10-09-2025 10:50:00,1757481600,306.70,307.50,306.70,307.50,307.59,788,0,103014,0
Ok,10-09-2025 10:45:00,1757481300,307.45,307.45,306.60,306.90,306.80,1924,0,102226,0
Ok,10-09-2025 10:40:00,1757481000,307.30,307.55,307.10,307.15,307.27,995,0,100302,0
Ok,10-09-2025 10:35:00,1757480700,307.80,307.85,307.40,307.55,307.80,1903,0,99307,0
Ok,10-09-2025 10:30:00,1757480400,307.50,307.55,307.20,307.50,307.43,810,0,97404,0
Ok,10-09-2025 10:25:00,1757480100,307.00,307.60,307.00,307.55,306.23,255,0,96594,0
Ok,10-09-2025 10:20:00,1757479800,307.00,307.45,306.80,307.30,308.04,1052,0,96339,0
Ok,10-09-2025 10:15:00,1757479500,306.75,307.15,306.75,307.15,306.21,658,0,95287,0
Ok,10-09-2025 10:10:00,1757479200,306.50,307.00,306.35,307.00,306.55,2693,0,94629,0
Ok,10-09-2025 10:05:00,1757478900,306.50,306.50,306.35,306.45,306.20,466,0,91936,0
Ok,10-09-2025 10:00:00,1757478600,306.55,306.60,306.30,306.50,306.20,435,0,91470,0
Ok,10-09-2025 09:55:00,1757478300,306.50,306.75,306.45,306.45,306.53,5188,0,91035,0
Ok,10-09-2025 09:50:00,1757478000,306.90,306.90,306.05,306.75,306.47,47272,0,85847,0
Ok,10-09-2025 09:45:00,1757477700,306.75,307.00,306.50,306.80,306.41,620,0,38575,0
Ok,10-09-2025 09:40:00,1757477400,305.80,307.10,305.60,307.00,306.38,3531,0,37955,0
Ok,10-09-2025 09:35:00,1757477100,306.00,306.15,305.45,305.90,305.73,2314,0,34424,0
Ok,10-09-2025 09:30:00,1757476800,305.05,305.90,305.05,305.85,306.13,9928,0,32110,0
Ok,10-09-2025 09:25:00,1757476500,304.90,305.00,304.20,305.00,304.62,2722,0,22182,0
Ok,10-09-2025 09:20:00,1757476200,305.80,305.80,304.85,304.95,305.21,7785,0,19460,0
Ok,10-09-2025 09:15:00,1757475900,308.00,308.00,305.15,305.55,305.97,11298,0,11675,0
