stat,time,ssboe,into,inth,intl,intc,intvwap,intv,intoi,v,oi
Ok,10-09-2025 15:25:00,1757498100,360.60,361.00,360.60,361.00,360.95,15596,0,156753,0
Ok,10-09-2025 15:20:00,1757497800,360.25,361.00,360.25,361.00,360.71,6809,0,141157,0
Ok,10-09-2025 15:15:00,1757497500,361.15,361.80,360.50,361.00,361.20,5114,0,134348,0
Ok,10-09-2025 15:10:00,1757497200,362.95,363.00,361.45,361.60,362.12,6599,0,129234,0
Ok,10-09-2025 15:05:00,1757496900,363.00,363.00,362.75,362.75,363.16,932,0,122635,0
Ok,10-09-2025 15:00:00,1757496600,362.80,363.00,362.65,362.80,360.65,946,0,121703,0
Ok,10-09-2025 14:55:00,1757496300,362.95,362.95,362.55,362.55,364.52,168,0,120757,0
Ok,10-09-2025 14:50:00,1757496000,362.45,362.85,362.45,362.80,364.52,486,0,120589,0
Ok,10-09-2025 14:45:00,1757495700,362.75,362.75,362.45,362.45,364.52,20,0,120103,0
Ok,10-09-2025 14:40:00,1757495400,362.85,363.00,362.30,362.30,364.52,394,0,120083,0
Ok,10-09-2025 14:35:00,1757495100,362.70,363.00,362.55,362.85,364.52,135,0,119689,0
Ok,10-09-2025 14:30:00,1757494800,362.85,363.00,362.70,362.70,361.08,347,0,119554,0
Ok,10-09-2025 14:25:00,1757494500,362.50,362.50,361.50,362.50,362.21,3013,0,119207,0
Ok,10-09-2025 14:20:00,1757494200,363.70,363.70,362.90,362.90,362.16,477,0,116194,0
Ok,10-09-2025 14:15:00,1757493900,363.35,363.70,363.30,363.70,363.04,744,0,115717,0
Ok,10-09-2025 14:10:00,1757493600,363.65,363.70,363.30,363.30,363.38,937,0,114973,0
Ok,10-09-2025 14:05:00,1757493300,363.55,364.05,363.20,363.40,363.58,1098,0,114036,0
Ok,10-09-2025 14:00:00,1757493000,363.30,363.55,363.30,363.55,364.63,67,0,112938,0
Ok,10-09-2025 13:55:00,1757492700,363.90,363.90,363.30,363.30,363.14,755,0,112871,0
Ok,10-09-2025 13:50:00,1757492400,363.50,364.00,363.20,363.90,362.13,447,0,112116,0
Ok,10-09-2025 13:45:00,1757492100,364.35,364.35,363.60,363.60,364.65,1685,0,111669,0
Ok,10-09-2025 13:40:00,1757491800,365.30,365.60,365.10,365.10,364.65,294,0,109984,0
Ok,10-09-2025 13:35:00,1757491500,365.30,365.65,364.95,365.65,365.19,5759,0,109690,0
Ok,10-09-2025 13:30:00,1757491200,366.00,366.00,364.90,364.90,364.62,148,0,103931,0
Ok,10-09-2025 13:25:00,1757490900,365.65,366.00,365.65,366.00,364.62,315,0,103783,0
Ok,10-09-2025 13:20:00,1757490600,364.85,365.00,364.30,365.00,364.62,131,0,103468,0
Ok,10-09-2025 13:15:00,1757490300,365.40,365.50,364.50,364.50,364.62,408,0,103337,0
Ok,10-09-2025 13:10:00,1757490000,365.50,366.00,365.45,365.45,364.62,271,0,102929,0
Ok,10-09-2025 13:05:00,1757489700,365.35,365.70,365.05,365.50,370.01,190,0,102658,0
Ok,10-09-2025 13:00:00,1757489400,365.65,365.90,365.05,365.90,364.61,663,0,102468,0
Ok,10-09-2025 12:55:00,1757489100,365.80,366.00,365.25,365.30,365.76,1722,0,101805,0
Ok,10-09-2025 12:50:00,1757488800,366.45,366.55,366.30,366.30,366.67,1416,0,100083,0
Ok,10-09-2025 12:45:00,1757488500,366.40,366.50,365.95,365.95,373.68,108,0,98667,0
Ok,10-09-2025 12:40:00,1757488200,365.80,366.55,365.80,366.55,364.55,23,0,98559,0
Ok,10-09-2025 12:35:00,1757487900,366.05,367.00,365.80,365.80,365.90,719,0,98536,0
Ok,10-09-2025 12:30:00,1757487600,366.20,366.20,365.50,366.05,364.54,33,0,97817,0
Ok,10-09-2025 12:25:00,1757487300,366.25,366.25,365.30,366.20,368.92,444,0,97784,0
Ok,10-09-2025 12:20:00,1757487000,366.00,366.80,365.65,366.70,364.52,576,0,97340,0
Ok,10-09-2025 12:15:00,1757486700,365.90,366.05,365.90,366.05,364.52,278,0,96764,0
Ok,10-09-2025 12:10:00,1757486400,365.50,365.85,365.50,365.85,366.34,526,0,96486,0
Ok,10-09-2025 12:05:00,1757486100,365.35,365.85,365.35,365.85,364.51,151,0,95960,0
Ok,10-09-2025 12:00:00,1757485800,365.50,366.20,365.35,365.35,365.26,1244,0,95809,0
Ok,10-09-2025 11:55:00,1757485500,366.10,366.15,365.00,365.00,366.47,946,0,94565,0
Ok,10-09-2025 11:50:00,1757485200,365.35,365.85,365.35,365.85,364.48,42,0,93619,0
Ok,10-09-2025 11:45:00,1757484900,365.05,365.45,365.00,365.00,364.48,428,0,93577,0
Ok,10-09-2025 11:40:00,1757484600,366.30,366.30,365.50,365.50,366.59,439,0,93149,0
Ok,10-09-2025 11:35:00,1757484300,368.15,368.15,365.85,366.35,367.10,1721,0,92710,0
Ok,10-09-2025 11:30:00,1757484000,368.05,368.10,368.00,368.10,368.03,1483,0,90989,0
Ok,10-09-2025 11:25:00,1757483700,368.10,368.10,368.00,368.00,368.10,1409,0,89506,0
Ok,10-09-2025 11:20:00,1757483400,368.00,368.40,368.00,368.00,366.44,408,0,88097,0
Ok,10-09-2025 11:15:00,1757483100,366.90,368.45,366.60,368.00,367.57,4309,0,87689,0
Ok,10-09-2025 11:10:00,1757482800,367.95,368.90,367.00,367.05,367.95,1702,0,83380,0
Ok,10-09-2025 11:05:00,1757482500,366.45,368.35,366.45,367.85,367.22,3437,0,81678,0
Ok,10-09-2025 11:00:00,1757482200,363.50,366.60,363.50,366.60,365.03,1354,0,78241,0
Ok,10-09-2025 10:55:00,1757481900,364.10,364.35,363.55,363.55,363.88,176,0,76887,0
Ok,10-09-2025 10:50:00,1757481600,363.90,364.55,363.75,364.15,364.83,793,0,76711,0
Ok,10-09-2025 10:45:00,1757481300,364.50,364.85,363.60,363.80,363.86,1098,0,75918,0
Ok,10-09-2025 10:40:00,1757481000,368.00,368.20,364.60,364.85,367.33,8253,0,74820,0
Ok,10-09-2025 10:35:00,1757480700,368.30,368.80,367.95,368.20,367.99,9067,0,66567,0
Ok,10-09-2025 10:30:00,1757480400,368.00,368.25,367.65,368.00,367.97,5352,0,57500,0
Ok,10-09-2025 10:25:00,1757480100,363.75,369.05,363.70,368.70,366.64,9619,0,52148,0
Ok,10-09-2025 10:20:00,1757479800,362.65,363.50,362.65,363.10,362.60,294,0,42529,0
Ok,10-09-2025 10:15:00,1757479500,362.45,363.50,362.35,362.50,363.46,540,0,42235,0
Ok,10-09-2025 10:10:00,1757479200,362.45,362.85,362.20,362.85,361.91,522,0,41695,0
Ok,10-09-2025 10:05:00,1757478900,361.85,362.50,361.75,362.50,361.97,936,0,41173,0
Ok,10-09-2025 10:00:00,1757478600,363.10,363.45,361.65,362.15,363.04,7831,0,40237,0
Ok,10-09-2025 09:55:00,1757478300,358.70,366.50,358.70,363.05,363.71,18312,0,32406,0
Ok,10-09-2025 09:50:00,1757478000,359.00,359.60,358.20,358.55,359.02,927,0,14094,0
Ok,10-09-2025 09:45:00,1757477700,358.80,359.40,358.30,358.75,358.75,698,0,13167,0
Ok,10-09-2025 09:40:00,1757477400,357.45,359.05,357.40,359.05,358.82,2528,0,12469,0
Ok,10-09-2025 09:35:00,1757477100,357.00,357.95,356.75,357.80,357.29,1499,0,9941,0
Ok,10-09-2025 09:30:00,1757476800,355.00,357.00,355.00,356.90,356.00,1625,0,8442,0
Ok,10-09-2025 09:25:00,1757476500,354.10,354.95,354.00,354.95,354.68,1619,0,6817,0
Ok,10-09-2025 09:20:00,1757476200,354.60,355.95,354.60,354.65,355.18,1683,0,5198,0
Ok,10-09-2025 09:15:00,1757475900,356.15,357.05,355.20,355.20,355.48,3423,0,3515,0
