stat,time,ssboe,into,inth,intl,intc,intvwap,intv,intoi,v,oi
Ok,10-09-2025 15:25:00,1757498100,446.90,447.25,445.60,447.00,446.19,21284,0,677887,0
Ok,10-09-2025 15:20:00,1757497800,447.60,448.50,446.65,446.85,446.94,15750,0,656603,0
Ok,10-09-2025 15:15:00,1757497500,448.00,448.95,446.80,447.00,448.63,7773,0,640853,0
Ok,10-09-2025 15:10:00,1757497200,447.80,449.00,447.15,447.55,448.08,9101,0,633080,0
Ok,10-09-2025 15:05:00,1757496900,447.45,447.80,447.05,447.55,443.24,1000,0,623979,0
Ok,10-09-2025 15:00:00,1757496600,447.35,447.85,447.00,447.05,449.49,1807,0,622979,0
Ok,10-09-2025 14:55:00,1757496300,447.30,447.35,447.00,447.00,442.61,902,0,621172,0
Ok,10-09-2025 14:50:00,1757496000,446.30,447.30,446.20,446.80,447.20,2689,0,620270,0
Ok,10-09-2025 14:45:00,1757495700,446.20,447.30,446.05,446.20,447.18,5263,0,617581,0
Ok,10-09-2025 14:40:00,1757495400,446.40,446.85,446.40,446.50,449.53,474,0,612318,0
Ok,10-09-2025 14:35:00,1757495100,446.95,447.30,446.70,446.70,446.65,2126,0,611844,0
Ok,10-09-2025 14:30:00,1757494800,447.35,447.35,447.00,447.00,440.11,646,0,609718,0
Ok,10-09-2025 14:25:00,1757494500,447.45,447.45,447.05,447.10,449.55,470,0,609072,0
Ok,10-09-2025 14:20:00,1757494200,447.05,447.55,446.75,447.00,449.55,1238,0,608602,0
Ok,10-09-2025 14:15:00,1757493900,447.35,447.65,447.05,447.50,449.55,356,0,607364,0
Ok,10-09-2025 14:10:00,1757493600,447.40,448.10,446.80,447.05,447.27,5308,0,607008,0
Ok,10-09-2025 14:05:00,1757493300,448.75,448.80,447.45,447.50,446.65,2059,0,601700,0
Ok,10-09-2025 14:00:00,1757493000,449.60,449.65,448.50,448.50,449.58,2059,0,599641,0
Ok,10-09-2025 13:55:00,1757492700,451.10,451.15,449.00,449.55,449.36,26952,0,597582,0
Ok,10-09-2025 13:50:00,1757492400,450.00,451.20,450.00,450.80,452.13,2226,0,570630,0
Ok,10-09-2025 13:45:00,1757492100,450.10,450.15,450.00,450.00,449.58,2134,0,568404,0
Ok,10-09-2025 13:40:00,1757491800,450.15,450.55,450.10,450.10,449.58,564,0,566270,0
Ok,10-09-2025 13:35:00,1757491500,450.20,450.80,450.00,450.20,449.58,1991,0,565706,0
Ok,10-09-2025 13:30:00,1757491200,450.70,451.20,449.35,450.25,450.58,5524,0,563715,0
Ok,10-09-2025 13:25:00,1757490900,450.20,451.05,450.20,451.05,449.57,721,0,558191,0
Ok,10-09-2025 13:20:00,1757490600,450.75,450.85,450.20,450.70,449.57,556,0,557470,0
Ok,10-09-2025 13:15:00,1757490300,451.75,451.75,450.30,450.30,452.65,1798,0,556914,0
Ok,10-09-2025 13:10:00,1757490000,452.25,452.25,451.20,451.40,452.07,6540,0,555116,0
Ok,10-09-2025 13:05:00,1757489700,452.80,453.10,452.65,453.00,449.53,222,0,548576,0
Ok,10-09-2025 13:00:00,1757489400,453.00,453.30,452.80,453.25,454.22,5778,0,548354,0
Ok,10-09-2025 12:55:00,1757489100,452.60,452.70,452.60,452.70,449.48,586,0,542576,0
Ok,10-09-2025 12:50:00,1757488800,453.00,453.00,452.60,452.60,449.48,1286,0,541990,0
Ok,10-09-2025 12:45:00,1757488500,453.35,453.35,452.75,452.75,455.72,864,0,540704,0
Ok,10-09-2025 12:40:00,1757488200,453.80,454.15,453.00,453.00,449.47,1229,0,539840,0
Ok,10-09-2025 12:35:00,1757487900,455.00,455.00,453.70,454.50,454.92,1967,0,538611,0
Ok,10-09-2025 12:30:00,1757487600,455.30,455.95,454.95,454.95,455.63,6000,0,536644,0
Ok,10-09-2025 12:25:00,1757487300,454.40,455.90,454.10,455.35,455.39,9521,0,530644,0
Ok,10-09-2025 12:20:00,1757487000,453.25,455.05,453.25,454.00,454.71,4742,0,521123,0
Ok,10-09-2025 12:15:00,1757486700,455.20,455.20,453.15,453.15,454.61,956,0,516381,0
Ok,10-09-2025 12:10:00,1757486400,456.50,456.50,454.70,455.25,455.28,4208,0,515425,0
Ok,10-09-2025 12:05:00,1757486100,453.95,457.05,453.95,457.00,456.38,61531,0,511217,0
Ok,10-09-2025 12:00:00,1757485800,453.60,454.00,452.50,453.50,452.79,2897,0,449686,0
Ok,10-09-2025 11:55:00,1757485500,454.60,454.60,453.55,454.00,454.18,6549,0,446789,0
Ok,10-09-2025 11:50:00,1757485200,453.30,454.65,452.05,454.65,453.70,6135,0,440240,0
Ok,10-09-2025 11:45:00,1757484900,453.90,453.90,452.05,452.20,452.69,3639,0,434105,0
Ok,10-09-2025 11:40:00,1757484600,453.85,454.45,453.85,454.00,455.86,1620,0,430466,0
Ok,10-09-2025 11:35:00,1757484300,453.20,453.95,453.20,453.85,447.90,1090,0,428846,0
Ok,10-09-2025 11:30:00,1757484000,454.00,454.00,453.00,453.70,455.02,1196,0,427756,0
Ok,10-09-2025 11:25:00,1757483700,453.90,454.50,453.40,453.85,454.29,2642,0,426560,0
Ok,10-09-2025 11:20:00,1757483400,452.75,453.95,452.00,453.95,452.75,5109,0,423918,0
Ok,10-09-2025 11:15:00,1757483100,453.20,454.10,452.55,453.50,453.47,7219,0,418809,0
Ok,10-09-2025 11:10:00,1757482800,453.00,453.90,451.75,452.70,452.82,5521,0,411590,0
Ok,10-09-2025 11:05:00,1757482500,452.85,453.25,451.40,453.05,452.54,4877,0,406069,0
Ok,10-09-2025 11:00:00,1757482200,451.65,454.35,450.65,453.05,452.42,7265,0,401192,0
Ok,10-09-2025 10:55:00,1757481900,454.15,455.00,451.00,451.65,453.35,9764,0,393927,0
Ok,10-09-2025 10:50:00,1757481600,447.75,455.20,447.75,454.90,452.13,59246,0,384163,0
Ok,10-09-2025 10:45:00,1757481300,446.75,449.00,446.75,448.70,447.99,11920,0,324917,0
Ok,10-09-2025 10:40:00,1757481000,448.05,448.50,447.25,447.25,448.74,3893,0,312997,0
Ok,10-09-2025 10:35:00,1757480700,447.55,448.45,447.35,448.45,446.34,1211,0,309104,0
Ok,10-09-2025 10:30:00,1757480400,447.15,448.70,447.00,447.00,448.31,9042,0,307893,0
Ok,10-09-2025 10:25:00,1757480100,447.20,447.80,446.80,447.30,446.85,5065,0,298851,0
Ok,10-09-2025 10:20:00,1757479800,446.70,447.45,445.70,446.30,446.26,22560,0,293786,0
Ok,10-09-2025 10:15:00,1757479500,442.65,447.60,442.45,446.80,445.27,10462,0,271226,0
Ok,10-09-2025 10:10:00,1757479200,443.30,443.30,441.60,442.00,442.05,11715,0,260764,0
Ok,10-09-2025 10:05:00,1757478900,443.60,444.75,443.50,443.85,444.27,6514,0,249049,0
Ok,10-09-2025 10:00:00,1757478600,445.25,445.60,443.15,443.30,444.49,5716,0,242535,0
Ok,10-09-2025 09:55:00,1757478300,446.95,447.40,445.50,445.50,446.62,5855,0,236819,0
Ok,10-09-2025 09:50:00,1757478000,447.25,448.00,446.15,446.70,447.35,6082,0,230964,0
Ok,10-09-2025 09:45:00,1757477700,446.00,447.35,444.85,447.20,445.94,9857,0,224882,0
Ok,10-09-2025 09:40:00,1757477400,446.05,454.20,445.90,446.05,449.49,113174,0,215025,0
Ok,10-09-2025 09:35:00,1757477100,441.65,445.15,441.40,444.95,443.13,21307,0,101851,0
Ok,10-09-2025 09:30:00,1757476800,442.05,442.50,441.55,441.55,441.89,7248,0,80544,0
Ok,10-09-2025 09:25:00,1757476500,441.65,442.80,440.20,442.10,441.40,38446,0,73296,0
Ok,10-09-2025 09:20:00,1757476200,443.10,443.60,441.65,442.75,442.80,8911,0,34850,0
Ok,10-09-2025 09:15:00,1757475900,447.00,449.80,443.95,444.60,466.01,24899,0,25939,0
