stat,time,ssboe,into,inth,intl,intc,intvwap,intv,intoi,v,oi
Ok,10-09-2025 15:25:00,1757498100,296.25,297.60,295.80,295.80,296.53,3584,0,128595,0
Ok,10-09-2025 15:20:00,1757497800,297.10,297.85,295.90,295.90,295.99,5995,0,125011,0
Ok,10-09-2025 15:15:00,1757497500,296.95,297.95,296.00,297.95,297.10,6313,0,119016,0
Ok,10-09-2025 15:10:00,1757497200,296.40,297.05,296.00,297.00,296.57,1879,0,112703,0
Ok,10-09-2025 15:05:00,1757496900,296.50,297.10,296.00,296.00,296.56,3852,0,110824,0
Ok,10-09-2025 15:00:00,1757496600,296.65,296.90,296.25,296.90,297.30,707,0,106972,0
Ok,10-09-2025 14:55:00,1757496300,297.05,297.05,295.60,296.45,295.59,5333,0,106265,0
Ok,10-09-2025 14:50:00,1757496000,296.45,297.05,296.45,297.05,300.58,122,0,100932,0
Ok,10-09-2025 14:45:00,1757495700,297.15,297.15,296.35,296.90,295.35,385,0,100810,0
Ok,10-09-2025 14:40:00,1757495400,297.10,297.45,296.70,296.70,297.44,633,0,100425,0
Ok,10-09-2025 14:35:00,1757495100,296.55,297.45,296.15,296.15,296.35,6367,0,99792,0
Ok,10-09-2025 14:30:00,1757494800,296.80,296.80,296.05,296.05,281.84,49,0,93425,0
Ok,10-09-2025 14:25:00,1757494500,296.70,296.90,295.35,296.80,295.58,6071,0,93376,0
Ok,10-09-2025 14:20:00,1757494200,296.15,296.70,296.15,296.70,301.29,15,0,87305,0
Ok,10-09-2025 14:15:00,1757493900,296.80,296.80,296.15,296.15,293.64,228,0,87290,0
Ok,10-09-2025 14:10:00,1757493600,297.80,297.80,296.00,296.25,296.94,4177,0,87062,0
Ok,10-09-2025 14:05:00,1757493300,297.60,297.80,297.60,297.80,296.54,497,0,82885,0
Ok,10-09-2025 14:00:00,1757493000,297.60,297.60,297.40,297.60,298.59,277,0,82388,0
Ok,10-09-2025 13:55:00,1757492700,297.85,297.85,297.60,297.60,297.57,205,0,82111,0
Ok,10-09-2025 13:50:00,1757492400,297.95,297.95,297.45,297.85,296.88,174,0,81906,0
Ok,10-09-2025 13:45:00,1757492100,298.00,298.00,297.85,297.85,301.59,96,0,81732,0
Ok,10-09-2025 13:40:00,1757491800,298.20,298.50,297.70,298.00,297.90,1946,0,81636,0
Ok,10-09-2025 13:35:00,1757491500,297.90,298.15,297.60,298.15,298.95,292,0,79690,0
Ok,10-09-2025 13:30:00,1757491200,297.65,297.90,297.65,297.90,284.80,47,0,79398,0
Ok,10-09-2025 13:25:00,1757490900,297.45,298.05,297.45,297.65,301.70,113,0,79351,0
Ok,10-09-2025 13:20:00,1757490600,298.95,298.95,297.45,297.45,298.14,1531,0,79238,0
Ok,10-09-2025 13:15:00,1757490300,299.35,299.35,298.20,298.20,298.88,536,0,77707,0
Ok,10-09-2025 13:10:00,1757490000,298.70,299.55,298.70,299.35,299.61,3403,0,77171,0
Ok,10-09-2025 13:05:00,1757489700,299.00,299.20,298.00,298.60,298.33,5747,0,73768,0
Ok,10-09-2025 13:00:00,1757489400,299.45,300.00,298.95,299.75,299.02,4434,0,68021,0
Ok,10-09-2025 12:55:00,1757489100,300.95,300.95,299.00,299.00,300.09,1871,0,63587,0
Ok,10-09-2025 12:50:00,1757488800,301.30,301.30,300.00,300.95,300.34,5540,0,61716,0
Ok,10-09-2025 12:45:00,1757488500,302.40,302.40,301.85,301.85,302.69,6,0,56176,0
Ok,10-09-2025 12:40:00,1757488200,301.85,301.85,301.85,301.85,302.69,36,0,56170,0
Ok,10-09-2025 12:35:00,1757487900,302.05,302.65,301.30,301.85,301.39,4408,0,56134,0
Ok,10-09-2025 12:30:00,1757487600,302.05,302.05,302.05,302.05,0.00,0,0,51726,0
Ok,10-09-2025 12:25:00,1757487300,302.00,302.05,302.00,302.05,302.80,95,0,51726,0
Ok,10-09-2025 12:20:00,1757487000,302.75,302.75,302.00,302.00,301.85,540,0,51631,0
Ok,10-09-2025 12:15:00,1757486700,302.75,302.75,302.75,302.75,302.81,55,0,51091,0
Ok,10-09-2025 12:10:00,1757486400,302.90,303.95,302.75,302.75,303.94,881,0,51036,0
Ok,10-09-2025 12:05:00,1757486100,302.50,302.70,302.50,302.50,301.40,360,0,50155,0
Ok,10-09-2025 12:00:00,1757485800,302.50,303.10,302.50,302.50,302.80,799,0,49795,0
Ok,10-09-2025 11:55:00,1757485500,303.50,303.50,302.70,302.70,302.98,2449,0,48996,0
Ok,10-09-2025 11:50:00,1757485200,303.65,303.65,303.15,303.15,305.84,152,0,46547,0
Ok,10-09-2025 11:45:00,1757484900,303.85,304.20,303.55,304.10,302.78,302,0,46395,0
Ok,10-09-2025 11:40:00,1757484600,303.85,303.90,303.85,303.85,302.78,21,0,46093,0
Ok,10-09-2025 11:35:00,1757484300,303.00,303.85,303.00,303.85,303.44,1965,0,46072,0
Ok,10-09-2025 11:30:00,1757484000,303.30,303.45,303.00,303.00,303.14,1084,0,44107,0
Ok,10-09-2025 11:25:00,1757483700,303.30,303.50,303.30,303.30,302.74,75,0,43023,0
Ok,10-09-2025 11:20:00,1757483400,303.30,303.55,303.10,303.30,303.49,559,0,42948,0
Ok,10-09-2025 11:15:00,1757483100,303.25,303.65,303.25,303.30,302.73,2,0,42389,0
Ok,10-09-2025 11:10:00,1757482800,303.20,303.25,303.20,303.25,302.73,105,0,42387,0
Ok,10-09-2025 11:05:00,1757482500,303.75,303.75,303.20,303.20,302.73,321,0,42282,0
Ok,10-09-2025 11:00:00,1757482200,303.45,304.20,303.15,303.15,303.44,2204,0,41961,0
Ok,10-09-2025 10:55:00,1757481900,303.35,303.45,303.35,303.45,302.69,201,0,39757,0
Ok,10-09-2025 10:50:00,1757481600,303.50,303.95,303.35,303.35,304.07,282,0,39556,0
Ok,10-09-2025 10:45:00,1757481300,303.50,303.80,303.50,303.50,302.68,231,0,39274,0
Ok,10-09-2025 10:40:00,1757481000,303.40,303.50,303.40,303.50,304.51,211,0,39043,0
Ok,10-09-2025 10:35:00,1757480700,304.15,304.15,303.35,303.35,302.67,206,0,38832,0
Ok,10-09-2025 10:30:00,1757480400,304.70,304.85,303.80,304.85,304.23,1424,0,38626,0
Ok,10-09-2025 10:25:00,1757480100,304.00,304.90,303.90,304.70,304.48,3076,0,37202,0
Ok,10-09-2025 10:20:00,1757479800,303.50,303.50,303.30,303.40,303.46,331,0,34126,0
Ok,10-09-2025 10:15:00,1757479500,303.45,304.00,303.45,303.55,303.45,328,0,33795,0
Ok,10-09-2025 10:10:00,1757479200,303.25,304.00,302.70,303.45,303.64,3646,0,33467,0
Ok,10-09-2025 10:05:00,1757478900,303.25,303.30,303.25,303.30,302.27,10,0,29821,0
Ok,10-09-2025 10:00:00,1757478600,303.60,303.80,303.05,303.25,302.81,1058,0,29811,0
Ok,10-09-2025 09:55:00,1757478300,303.30,303.85,303.05,303.60,303.53,441,0,28753,0
Ok,10-09-2025 09:50:00,1757478000,304.00,304.80,302.70,303.30,303.49,2259,0,28312,0
Ok,10-09-2025 09:45:00,1757477700,303.25,305.70,303.25,305.00,304.31,5358,0,26053,0
Ok,10-09-2025 09:40:00,1757477400,302.50,303.45,302.50,303.00,302.72,346,0,20695,0
Ok,10-09-2025 09:35:00,1757477100,303.95,303.95,302.55,302.65,303.78,3803,0,20349,0
Ok,10-09-2025 09:30:00,1757476800,302.55,303.70,300.70,303.70,302.41,3579,0,16546,0
Ok,10-09-2025 09:25:00,1757476500,300.50,302.50,299.80,302.50,300.97,3238,0,12967,0
Ok,10-09-2025 09:20:00,1757476200,300.10,301.00,299.95,301.00,300.17,3487,0,9729,0
Ok,10-09-2025 09:15:00,1757475900,299.20,301.80,299.05,299.05,300.72,6135,0,6242,0
