stat,time,ssboe,into,inth,intl,intc,intvwap,intv,intoi,v,oi
Ok,10-09-2025 15:25:00,1757498100,304.35,306.00,303.00,304.80,304.44,18527,0,333347,0
Ok,10-09-2025 15:20:00,1757497800,304.25,305.25,302.00,304.20,303.59,27774,0,314820,0
Ok,10-09-2025 15:15:00,1757497500,304.75,305.50,303.50,303.90,304.55,15960,0,287046,0
Ok,10-09-2025 15:10:00,1757497200,305.65,306.45,304.55,305.00,305.32,21240,0,271086,0
Ok,10-09-2025 15:05:00,1757496900,305.00,305.70,304.80,305.50,305.35,14195,0,249846,0
Ok,10-09-2025 15:00:00,1757496600,302.40,305.00,302.00,304.90,303.45,16547,0,235651,0
Ok,10-09-2025 14:55:00,1757496300,300.90,302.60,299.55,302.00,301.13,14204,0,219104,0
Ok,10-09-2025 14:50:00,1757496000,299.20,301.35,299.20,300.95,300.84,2927,0,204900,0
Ok,10-09-2025 14:45:00,1757495700,299.90,299.90,298.50,299.50,299.22,17729,0,201973,0
Ok,10-09-2025 14:40:00,1757495400,302.15,302.50,299.90,300.00,301.06,13529,0,184244,0
Ok,10-09-2025 14:35:00,1757495100,302.85,303.10,301.80,301.80,302.15,11306,0,170715,0
Ok,10-09-2025 14:30:00,1757494800,303.35,303.45,302.60,302.60,303.07,2973,0,159409,0
Ok,10-09-2025 14:25:00,1757494500,303.85,303.85,302.95,303.00,303.18,8561,0,156436,0
Ok,10-09-2025 14:20:00,1757494200,304.45,304.45,303.75,303.85,303.54,1502,0,147875,0
Ok,10-09-2025 14:15:00,1757493900,305.10,305.10,304.00,304.05,306.51,382,0,146373,0
Ok,10-09-2025 14:10:00,1757493600,305.30,305.40,304.50,304.50,304.30,2611,0,145991,0
Ok,10-09-2025 14:05:00,1757493300,305.15,305.30,305.15,305.30,306.04,2801,0,143380,0
Ok,10-09-2025 14:00:00,1757493000,304.10,304.40,304.10,304.40,303.82,513,0,140579,0
Ok,10-09-2025 13:55:00,1757492700,304.35,304.50,304.10,304.10,306.57,155,0,140066,0
Ok,10-09-2025 13:50:00,1757492400,304.85,304.85,303.95,304.35,303.82,1516,0,139911,0
Ok,10-09-2025 13:45:00,1757492100,305.00,305.00,304.95,304.95,306.60,44,0,138395,0
Ok,10-09-2025 13:40:00,1757491800,304.90,305.00,304.15,305.00,304.96,4127,0,138351,0
Ok,10-09-2025 13:35:00,1757491500,304.55,305.20,304.55,304.90,306.65,26,0,134224,0
Ok,10-09-2025 13:30:00,1757491200,304.75,304.75,304.55,304.55,252.98,25,0,134198,0
Ok,10-09-2025 13:25:00,1757490900,304.00,304.75,304.00,304.75,304.85,742,0,134173,0
Ok,10-09-2025 13:20:00,1757490600,302.95,303.90,302.95,303.80,305.04,5536,0,133431,0
Ok,10-09-2025 13:15:00,1757490300,304.20,304.20,302.90,303.05,303.29,3962,0,127895,0
Ok,10-09-2025 13:10:00,1757490000,303.20,304.20,303.15,304.20,302.93,1567,0,123933,0
Ok,10-09-2025 13:05:00,1757489700,303.90,304.00,303.15,303.15,303.81,2337,0,122366,0
Ok,10-09-2025 13:00:00,1757489400,304.55,304.55,303.85,303.85,303.75,747,0,120029,0
Ok,10-09-2025 12:55:00,1757489100,304.85,304.85,304.20,304.60,306.98,143,0,119282,0
Ok,10-09-2025 12:50:00,1757488800,304.25,304.85,304.25,304.85,304.29,882,0,119139,0
Ok,10-09-2025 12:45:00,1757488500,304.20,304.30,303.90,304.25,304.30,438,0,118257,0
Ok,10-09-2025 12:40:00,1757488200,304.30,304.30,304.10,304.20,301.91,4235,0,117819,0
Ok,10-09-2025 12:35:00,1757487900,304.45,304.45,304.30,304.30,307.20,2724,0,113584,0
Ok,10-09-2025 12:30:00,1757487600,304.95,304.95,304.45,304.45,307.20,613,0,110860,0
Ok,10-09-2025 12:25:00,1757487300,304.25,305.15,304.25,305.05,304.58,837,0,110247,0
Ok,10-09-2025 12:20:00,1757487000,305.00,305.00,304.20,304.20,304.75,3449,0,109410,0
Ok,10-09-2025 12:15:00,1757486700,305.30,305.30,305.05,305.05,307.30,26,0,105961,0
Ok,10-09-2025 12:10:00,1757486400,304.50,305.45,304.50,305.30,305.14,3343,0,105935,0
Ok,10-09-2025 12:05:00,1757486100,304.70,304.70,303.90,304.20,304.09,3332,0,102592,0
Ok,10-09-2025 12:00:00,1757485800,304.90,305.00,304.35,304.70,304.66,1048,0,99260,0
Ok,10-09-2025 11:55:00,1757485500,305.40,305.40,304.40,304.80,305.09,6108,0,98212,0
Ok,10-09-2025 11:50:00,1757485200,305.55,305.55,305.50,305.50,307.67,106,0,92104,0
Ok,10-09-2025 11:45:00,1757484900,305.30,305.80,305.25,305.55,306.00,550,0,91998,0
Ok,10-09-2025 11:40:00,1757484600,305.85,305.85,305.30,305.30,305.58,2555,0,91448,0
Ok,10-09-2025 11:35:00,1757484300,305.35,305.85,305.35,305.85,305.35,3585,0,88893,0
Ok,10-09-2025 11:30:00,1757484000,305.90,306.00,305.60,305.85,306.11,1945,0,85308,0
Ok,10-09-2025 11:25:00,1757483700,306.10,306.10,305.50,305.50,304.56,500,0,83363,0
Ok,10-09-2025 11:20:00,1757483400,306.00,306.20,305.30,305.30,305.57,7478,0,82863,0
Ok,10-09-2025 11:15:00,1757483100,306.30,306.50,306.30,306.45,308.13,120,0,75385,0
Ok,10-09-2025 11:10:00,1757482800,306.75,306.75,306.30,306.30,306.80,1122,0,75265,0
Ok,10-09-2025 11:05:00,1757482500,306.90,306.90,306.85,306.90,306.15,5502,0,74143,0
Ok,10-09-2025 11:00:00,1757482200,307.00,307.25,306.75,307.25,308.31,259,0,68641,0
Ok,10-09-2025 10:55:00,1757481900,307.05,307.35,306.95,307.35,308.31,440,0,68382,0
Ok,10-09-2025 10:50:00,1757481600,306.95,307.55,306.95,307.55,306.81,900,0,67942,0
Ok,10-09-2025 10:45:00,1757481300,307.25,307.60,306.70,306.90,307.22,1195,0,67042,0
Ok,10-09-2025 10:40:00,1757481000,307.65,307.75,307.00,307.10,307.63,1806,0,65847,0
Ok,10-09-2025 10:35:00,1757480700,308.45,308.85,308.10,308.25,308.37,1370,0,64041,0
Ok,10-09-2025 10:30:00,1757480400,308.00,308.45,307.85,308.45,308.37,590,0,62671,0
Ok,10-09-2025 10:25:00,1757480100,309.35,309.35,308.00,308.00,308.89,7194,0,62081,0
Ok,10-09-2025 10:20:00,1757479800,308.80,309.40,307.75,309.10,308.05,9492,0,54887,0
Ok,10-09-2025 10:15:00,1757479500,309.40,309.75,308.40,308.80,308.84,905,0,45395,0
Ok,10-09-2025 10:10:00,1757479200,310.10,310.10,309.20,309.85,309.95,1846,0,44490,0
Ok,10-09-2025 10:05:00,1757478900,307.60,310.80,307.45,309.80,309.65,13423,0,42644,0
Ok,10-09-2025 10:00:00,1757478600,308.05,308.45,307.70,307.70,308.02,1402,0,29221,0
Ok,10-09-2025 09:55:00,1757478300,309.40,309.40,308.30,308.65,309.04,3535,0,27819,0
Ok,10-09-2025 09:50:00,1757478000,308.25,309.50,308.00,309.40,308.42,5615,0,24284,0
Ok,10-09-2025 09:45:00,1757477700,308.45,308.70,307.50,308.70,308.30,3479,0,18669,0
Ok,10-09-2025 09:40:00,1757477400,307.55,308.95,307.45,308.50,308.33,2565,0,15190,0
Ok,10-09-2025 09:35:00,1757477100,306.70,307.55,306.70,307.40,307.02,886,0,12625,0
Ok,10-09-2025 09:30:00,1757476800,305.95,306.95,305.95,306.90,306.35,2036,0,11739,0
Ok,10-09-2025 09:25:00,1757476500,306.00,306.00,305.30,305.90,305.82,2434,0,9703,0
Ok,10-09-2025 09:20:00,1757476200,306.75,306.75,306.00,306.25,306.28,3246,0,7269,0
Ok,10-09-2025 09:15:00,1757475900,307.00,307.65,306.00,306.00,316.54,3902,0,4023,0
