stat,time,ssboe,into,inth,intl,intc,intvwap,intv,intoi,v,oi
Ok,15-09-2025 15:25:00,1757930100,133.97,134.01,133.72,133.90,134.23,155771,0,10534619,0
Ok,15-09-2025 15:20:00,1757929800,133.96,134.00,133.85,133.91,133.90,308962,0,10378848,0
Ok,15-09-2025 15:15:00,1757929500,133.98,134.00,133.85,133.97,133.65,336175,0,10069886,0
Ok,15-09-2025 15:10:00,1757929200,133.95,133.99,133.90,133.95,134.26,274119,0,9733711,0
Ok,15-09-2025 15:05:00,1757928900,133.98,133.99,133.85,133.94,133.44,335641,0,9459592,0
Ok,15-09-2025 15:00:00,1757928600,134.00,134.01,133.97,133.99,134.29,225668,0,9123951,0
Ok,15-09-2025 14:55:00,1757928300,133.98,134.00,133.91,133.99,134.29,158272,0,8898283,0
Ok,15-09-2025 14:50:00,1757928000,133.99,134.00,133.90,133.99,134.29,143532,0,8740011,0
Ok,15-09-2025 14:45:00,1757927700,133.94,134.00,133.83,133.95,133.63,129556,0,8596479,0
Ok,15-09-2025 14:40:00,1757927400,133.95,134.00,133.89,133.95,133.85,187033,0,8466923,0
Ok,15-09-2025 14:35:00,1757927100,133.89,134.00,133.83,134.00,134.31,140960,0,8279890,0
Ok,15-09-2025 14:30:00,1757926800,133.68,134.00,133.63,133.85,133.64,239631,0,8138930,0
Ok,15-09-2025 14:25:00,1757926500,133.48,133.67,133.41,133.67,134.33,51474,0,7899299,0
Ok,15-09-2025 14:20:00,1757926200,133.93,133.95,133.32,133.50,133.44,340254,0,7847825,0
Ok,15-09-2025 14:15:00,1757925900,133.96,134.00,133.82,133.91,134.37,58978,0,7507571,0
Ok,15-09-2025 14:10:00,1757925600,133.97,134.08,133.95,134.00,133.69,108405,0,7448593,0
Ok,15-09-2025 14:05:00,1757925300,133.96,134.01,133.94,134.00,134.38,84079,0,7340188,0
Ok,15-09-2025 14:00:00,1757925000,133.96,134.01,133.94,133.99,133.10,56796,0,7256109,0
Ok,15-09-2025 13:55:00,1757924700,133.96,134.09,133.92,133.99,134.39,74230,0,7199313,0
Ok,15-09-2025 13:50:00,1757924400,133.85,134.00,133.85,133.99,133.50,80022,0,7125083,0
Ok,15-09-2025 13:45:00,1757924100,133.95,134.00,133.85,133.90,134.40,44269,0,7045061,0
Ok,15-09-2025 13:40:00,1757923800,133.90,133.99,133.82,133.93,134.40,52065,0,7000792,0
Ok,15-09-2025 13:35:00,1757923500,133.88,133.95,133.81,133.94,132.59,38393,0,6948727,0
Ok,15-09-2025 13:30:00,1757923200,133.94,133.97,133.80,133.86,134.41,33084,0,6910334,0
Ok,15-09-2025 13:25:00,1757922900,133.89,133.99,133.85,133.95,134.41,34255,0,6877250,0
Ok,15-09-2025 13:20:00,1757922600,133.95,134.00,133.81,133.95,134.41,37947,0,6842995,0
Ok,15-09-2025 13:15:00,1757922300,133.90,133.99,133.86,133.94,133.21,56587,0,6805048,0
Ok,15-09-2025 13:10:00,1757922000,133.84,133.93,133.80,133.91,134.42,36720,0,6748461,0
Ok,15-09-2025 13:05:00,1757921700,133.71,133.85,133.66,133.85,134.42,40801,0,6711741,0
Ok,15-09-2025 13:00:00,1757921400,133.60,133.73,133.58,133.66,132.45,33783,0,6670940,0
Ok,15-09-2025 12:55:00,1757921100,133.52,133.66,133.46,133.65,134.43,38781,0,6637157,0
Ok,15-09-2025 12:50:00,1757920800,133.54,133.62,133.50,133.51,132.56,35259,0,6598376,0
Ok,15-09-2025 12:45:00,1757920500,133.53,133.61,133.35,133.55,133.49,68584,0,6563117,0
Ok,15-09-2025 12:40:00,1757920200,133.57,133.60,133.52,133.58,134.45,40675,0,6494533,0
Ok,15-09-2025 12:35:00,1757919900,133.51,133.60,133.50,133.53,133.25,53469,0,6453858,0
Ok,15-09-2025 12:30:00,1757919600,133.87,133.87,133.42,133.54,133.40,607853,0,6400389,0
Ok,15-09-2025 12:25:00,1757919300,133.92,133.98,133.81,133.81,133.96,95057,0,5792536,0
Ok,15-09-2025 12:20:00,1757919000,133.89,134.00,133.84,133.95,132.76,31293,0,5697479,0
Ok,15-09-2025 12:15:00,1757918700,133.94,133.96,133.79,133.84,134.59,33261,0,5666186,0
Ok,15-09-2025 12:10:00,1757918400,133.91,133.97,133.81,133.95,133.24,41590,0,5632925,0
Ok,15-09-2025 12:05:00,1757918100,134.27,134.27,133.77,133.89,134.09,212095,0,5591335,0
Ok,15-09-2025 12:00:00,1757917800,134.20,134.40,134.20,134.22,134.07,97550,0,5379240,0
Ok,15-09-2025 11:55:00,1757917500,134.18,134.23,134.10,134.22,134.63,41573,0,5281690,0
Ok,15-09-2025 11:50:00,1757917200,133.99,134.19,133.95,134.19,133.87,68509,0,5240117,0
Ok,15-09-2025 11:45:00,1757916900,133.89,134.00,133.86,134.00,134.64,40984,0,5171608,0
Ok,15-09-2025 11:40:00,1757916600,133.86,133.93,133.75,133.86,133.69,53615,0,5130624,0
Ok,15-09-2025 11:35:00,1757916300,133.84,133.88,133.78,133.85,133.73,54707,0,5077009,0
Ok,15-09-2025 11:30:00,1757916000,133.81,133.86,133.65,133.82,134.02,77741,0,5022302,0
Ok,15-09-2025 11:25:00,1757915700,133.52,133.87,133.51,133.82,133.29,106265,0,4944561,0
Ok,15-09-2025 11:20:00,1757915400,133.55,133.65,133.50,133.56,133.84,56137,0,4838296,0
Ok,15-09-2025 11:15:00,1757915100,133.47,133.55,133.20,133.54,133.37,456534,0,4782159,0
Ok,15-09-2025 11:10:00,1757914800,133.76,133.92,133.52,133.63,133.56,283838,0,4325625,0
Ok,15-09-2025 11:05:00,1757914500,134.06,134.34,133.77,133.80,134.07,221711,0,4041787,0
Ok,15-09-2025 11:00:00,1757914200,134.05,134.10,133.88,134.07,133.97,213522,0,3820076,0
Ok,15-09-2025 10:55:00,1757913900,134.45,134.45,134.06,134.09,134.16,399236,0,3606554,0
Ok,15-09-2025 10:50:00,1757913600,134.55,134.60,134.34,134.41,134.46,216199,0,3207318,0
Ok,15-09-2025 10:45:00,1757913300,134.99,135.00,134.56,134.56,134.83,151377,0,2991119,0
Ok,15-09-2025 10:40:00,1757913000,135.14,135.20,134.84,134.98,134.76,60977,0,2839742,0
Ok,15-09-2025 10:35:00,1757912700,134.92,135.22,134.91,135.12,135.01,118833,0,2778765,0
Ok,15-09-2025 10:30:00,1757912400,134.84,134.99,134.82,134.98,135.25,76544,0,2659932,0
Ok,15-09-2025 10:25:00,1757912100,134.94,134.95,134.80,134.89,134.63,41368,0,2583388,0
Ok,15-09-2025 10:20:00,1757911800,134.92,134.97,134.82,134.90,134.66,41881,0,2542020,0
Ok,15-09-2025 10:15:00,1757911500,134.95,135.00,134.80,134.91,134.88,62580,0,2500139,0
Ok,15-09-2025 10:10:00,1757911200,134.88,135.00,134.79,134.90,135.28,48681,0,2437559,0
Ok,15-09-2025 10:05:00,1757910900,135.14,135.14,134.79,134.82,134.95,138791,0,2388878,0
Ok,15-09-2025 10:00:00,1757910600,135.47,135.50,135.09,135.13,134.99,72469,0,2250087,0
Ok,15-09-2025 09:55:00,1757910300,135.30,135.62,135.25,135.44,135.44,153359,0,2177618,0
Ok,15-09-2025 09:50:00,1757910000,135.28,135.36,135.10,135.26,135.30,114181,0,2024259,0
Ok,15-09-2025 09:45:00,1757909700,135.30,135.30,135.13,135.24,135.15,126790,0,1910078,0
Ok,15-09-2025 09:40:00,1757909400,135.30,135.46,135.16,135.25,135.31,91143,0,1783288,0
Ok,15-09-2025 09:35:00,1757909100,135.26,135.49,135.20,135.35,135.31,154370,0,1692145,0
Ok,15-09-2025 09:30:00,1757908800,135.94,135.96,135.19,135.20,135.60,260771,0,1537775,0
Ok,15-09-2025 09:25:00,1757908500,135.88,136.00,135.62,135.96,135.81,280121,0,1277004,0
Ok,15-09-2025 09:20:00,1757908200,135.25,135.90,135.24,135.87,135.65,344452,0,996883,0
Ok,15-09-2025 09:15:00,1757907900,134.69,135.45,134.17,135.20,134.78,652431,0,652431,0
