stat,time,ssboe,into,inth,intl,intc,intvwap,intv,intoi,v,oi
Ok,15-09-2025 15:25:00,1757930100,359.25,360.25,359.15,359.80,359.92,412191,0,7808799,0
Ok,15-09-2025 15:20:00,1757929800,358.70,359.30,358.50,359.30,358.77,255214,0,7396608,0
Ok,15-09-2025 15:15:00,1757929500,358.75,358.80,358.50,358.65,357.95,146297,0,7141394,0
Ok,15-09-2025 15:10:00,1757929200,359.15,359.15,358.60,358.80,359.60,130340,0,6995097,0
Ok,15-09-2025 15:05:00,1757928900,359.50,359.90,359.10,359.10,359.62,110560,0,6864757,0
Ok,15-09-2025 15:00:00,1757928600,359.10,359.60,359.00,359.55,359.62,76874,0,6754197,0
Ok,15-09-2025 14:55:00,1757928300,359.20,359.30,358.80,359.05,358.94,39214,0,6677323,0
Ok,15-09-2025 14:50:00,1757928000,359.35,359.50,359.00,359.15,358.72,37185,0,6638109,0
Ok,15-09-2025 14:45:00,1757927700,359.55,359.65,359.25,359.30,359.17,40130,0,6600924,0
Ok,15-09-2025 14:40:00,1757927400,359.00,359.70,359.00,359.50,360.09,48738,0,6560794,0
Ok,15-09-2025 14:35:00,1757927100,359.55,359.75,358.90,359.05,358.17,43405,0,6512056,0
Ok,15-09-2025 14:30:00,1757926800,359.30,359.95,359.30,359.50,359.98,46009,0,6468651,0
Ok,15-09-2025 14:25:00,1757926500,359.45,359.65,359.30,359.40,360.16,15850,0,6422642,0
Ok,15-09-2025 14:20:00,1757926200,359.90,360.00,359.25,359.50,358.57,78532,0,6406792,0
Ok,15-09-2025 14:15:00,1757925900,359.90,360.35,359.65,359.85,360.51,131539,0,6328260,0
Ok,15-09-2025 14:10:00,1757925600,359.95,360.00,359.75,359.85,360.19,116635,0,6196721,0
Ok,15-09-2025 14:05:00,1757925300,359.80,360.20,359.50,359.90,359.95,80229,0,6080086,0
Ok,15-09-2025 14:00:00,1757925000,359.30,359.80,358.50,359.75,358.79,232618,0,5999857,0
Ok,15-09-2025 13:55:00,1757924700,359.80,359.95,359.15,359.35,359.62,77904,0,5767239,0
Ok,15-09-2025 13:50:00,1757924400,361.00,361.30,359.60,359.90,360.18,452995,0,5689335,0
Ok,15-09-2025 13:45:00,1757924100,361.50,361.65,360.80,360.95,360.27,31659,0,5236340,0
Ok,15-09-2025 13:40:00,1757923800,361.80,361.80,360.80,361.40,361.67,57744,0,5204681,0
Ok,15-09-2025 13:35:00,1757923500,362.70,362.70,361.55,361.90,361.31,51445,0,5146937,0
Ok,15-09-2025 13:30:00,1757923200,362.95,363.10,362.50,362.60,362.40,17459,0,5095492,0
Ok,15-09-2025 13:25:00,1757922900,363.20,363.35,362.90,362.90,365.33,17560,0,5078033,0
Ok,15-09-2025 13:20:00,1757922600,363.65,363.80,362.80,363.25,362.86,60988,0,5060473,0
Ok,15-09-2025 13:15:00,1757922300,363.50,364.20,363.20,363.60,363.56,55211,0,4999485,0
Ok,15-09-2025 13:10:00,1757922000,363.35,363.80,363.10,363.40,364.22,42572,0,4944274,0
Ok,15-09-2025 13:05:00,1757921700,362.55,363.35,362.50,363.25,361.11,22857,0,4901702,0
Ok,15-09-2025 13:00:00,1757921400,363.00,363.10,362.05,362.50,362.64,35054,0,4878845,0
Ok,15-09-2025 12:55:00,1757921100,363.05,363.25,362.80,363.10,363.43,24128,0,4843791,0
Ok,15-09-2025 12:50:00,1757920800,363.40,363.65,363.05,363.10,364.13,36708,0,4819663,0
Ok,15-09-2025 12:45:00,1757920500,363.40,364.00,363.05,363.35,363.44,70474,0,4782955,0
Ok,15-09-2025 12:40:00,1757920200,362.90,363.80,362.90,363.45,364.00,31766,0,4712481,0
Ok,15-09-2025 12:35:00,1757919900,363.80,363.80,362.70,362.95,362.66,144561,0,4680715,0
Ok,15-09-2025 12:30:00,1757919600,364.55,364.55,363.60,363.70,365.58,13314,0,4536154,0
Ok,15-09-2025 12:25:00,1757919300,364.80,365.00,364.35,364.50,364.43,39236,0,4522840,0
Ok,15-09-2025 12:20:00,1757919000,364.70,365.75,364.45,364.85,365.07,251068,0,4483604,0
Ok,15-09-2025 12:15:00,1757918700,365.00,365.00,364.60,364.80,364.78,147618,0,4232536,0
Ok,15-09-2025 12:10:00,1757918400,364.25,365.10,364.25,364.95,364.87,102423,0,4084918,0
Ok,15-09-2025 12:05:00,1757918100,364.05,364.35,364.00,364.30,364.08,49689,0,3982495,0
Ok,15-09-2025 12:00:00,1757917800,363.90,364.40,363.90,364.00,364.65,37626,0,3932806,0
Ok,15-09-2025 11:55:00,1757917500,364.15,364.25,363.75,363.95,363.92,43513,0,3895180,0
Ok,15-09-2025 11:50:00,1757917200,364.05,364.15,363.70,364.10,363.66,55660,0,3851667,0
Ok,15-09-2025 11:45:00,1757916900,363.50,364.15,363.30,364.00,363.99,64135,0,3796007,0
Ok,15-09-2025 11:40:00,1757916600,364.10,364.10,363.50,363.55,363.25,43846,0,3731872,0
Ok,15-09-2025 11:35:00,1757916300,364.65,364.70,363.90,364.05,364.54,57769,0,3688026,0
Ok,15-09-2025 11:30:00,1757916000,364.40,364.65,363.80,364.60,364.36,48849,0,3630257,0
Ok,15-09-2025 11:25:00,1757915700,364.45,364.85,364.10,364.45,364.31,68745,0,3581408,0
Ok,15-09-2025 11:20:00,1757915400,364.55,364.85,364.35,364.50,364.45,48762,0,3512663,0
Ok,15-09-2025 11:15:00,1757915100,364.65,364.80,364.10,364.45,364.44,46919,0,3463901,0
Ok,15-09-2025 11:10:00,1757914800,364.75,365.25,364.55,364.60,364.97,71277,0,3416982,0
Ok,15-09-2025 11:05:00,1757914500,364.05,364.80,364.00,364.80,364.32,61321,0,3345705,0
Ok,15-09-2025 11:00:00,1757914200,364.00,364.35,363.65,364.00,364.17,54231,0,3284384,0
Ok,15-09-2025 10:55:00,1757913900,363.45,364.30,363.45,364.05,363.79,71788,0,3230153,0
Ok,15-09-2025 10:50:00,1757913600,363.65,363.90,363.05,363.50,363.39,58459,0,3158365,0
Ok,15-09-2025 10:45:00,1757913300,363.80,363.90,363.00,363.75,363.37,99247,0,3099906,0
Ok,15-09-2025 10:40:00,1757913000,365.75,365.85,363.50,363.65,364.59,160863,0,3000659,0
Ok,15-09-2025 10:35:00,1757912700,365.45,365.90,365.40,365.80,365.51,107696,0,2839796,0
Ok,15-09-2025 10:30:00,1757912400,366.50,367.00,365.30,365.50,366.49,140067,0,2732100,0
Ok,15-09-2025 10:25:00,1757912100,366.10,366.70,366.10,366.55,366.30,47001,0,2592033,0
Ok,15-09-2025 10:20:00,1757911800,367.00,367.00,366.10,366.20,366.73,162135,0,2545032,0
Ok,15-09-2025 10:15:00,1757911500,367.00,367.05,366.50,366.95,366.76,92477,0,2382897,0
Ok,15-09-2025 10:10:00,1757911200,366.95,367.50,366.15,366.85,366.79,155314,0,2290420,0
Ok,15-09-2025 10:05:00,1757910900,367.75,367.75,366.75,367.05,367.22,80587,0,2135106,0
Ok,15-09-2025 10:00:00,1757910600,367.60,367.95,367.00,367.85,367.45,91587,0,2054519,0
Ok,15-09-2025 09:55:00,1757910300,367.80,368.35,367.25,367.50,367.98,154162,0,1962932,0
Ok,15-09-2025 09:50:00,1757910000,369.00,369.35,367.40,367.60,368.54,152776,0,1808770,0
Ok,15-09-2025 09:45:00,1757909700,368.50,369.55,368.00,368.95,368.81,264400,0,1655994,0
Ok,15-09-2025 09:40:00,1757909400,367.30,369.00,367.30,368.55,368.21,193324,0,1391594,0
Ok,15-09-2025 09:35:00,1757909100,365.40,367.50,365.40,367.50,366.59,229692,0,1198270,0
Ok,15-09-2025 09:30:00,1757908800,366.10,366.50,364.75,365.20,365.60,174013,0,968578,0
Ok,15-09-2025 09:25:00,1757908500,364.75,366.25,364.75,366.15,365.34,148533,0,794565,0
Ok,15-09-2025 09:20:00,1757908200,363.15,365.05,363.05,364.85,363.89,422853,0,646032,0
Ok,15-09-2025 09:15:00,1757907900,362.75,363.25,362.05,363.10,362.68,223179,0,223179,0
