stat,time,ssboe,into,inth,intl,intc,intvwap,intv,intoi,v,oi
Ok,15-09-2025 15:25:00,1757930100,232.34,232.49,232.30,232.48,232.25,219219,0,6150570,0
Ok,15-09-2025 15:20:00,1757929800,232.34,232.35,232.21,232.24,232.32,259255,0,5931351,0
Ok,15-09-2025 15:15:00,1757929500,232.19,232.37,232.13,232.35,231.89,168369,0,5672096,0
Ok,15-09-2025 15:10:00,1757929200,232.29,232.29,232.11,232.13,232.57,160452,0,5503727,0
Ok,15-09-2025 15:05:00,1757928900,232.25,232.37,232.25,232.28,232.07,104875,0,5343275,0
Ok,15-09-2025 15:00:00,1757928600,232.30,232.40,232.14,232.28,232.25,302763,0,5238400,0
Ok,15-09-2025 14:55:00,1757928300,232.30,232.40,232.23,232.27,232.60,62237,0,4935637,0
Ok,15-09-2025 14:50:00,1757928000,232.25,232.45,232.25,232.34,232.03,85182,0,4873400,0
Ok,15-09-2025 14:45:00,1757927700,232.32,232.33,232.21,232.28,232.61,36345,0,4788218,0
Ok,15-09-2025 14:40:00,1757927400,232.17,232.47,232.15,232.33,232.24,127126,0,4751873,0
Ok,15-09-2025 14:35:00,1757927100,232.33,232.35,232.17,232.20,232.62,52412,0,4624747,0
Ok,15-09-2025 14:30:00,1757926800,232.26,232.38,232.15,232.24,231.46,39396,0,4572335,0
Ok,15-09-2025 14:25:00,1757926500,232.11,232.28,232.10,232.21,232.63,59498,0,4532939,0
Ok,15-09-2025 14:20:00,1757926200,232.07,232.16,232.04,232.10,230.36,39135,0,4473441,0
Ok,15-09-2025 14:15:00,1757925900,232.18,232.25,232.07,232.09,232.65,94623,0,4434306,0
Ok,15-09-2025 14:10:00,1757925600,232.16,232.28,232.16,232.20,232.65,52363,0,4339683,0
Ok,15-09-2025 14:05:00,1757925300,232.15,232.30,232.15,232.17,231.63,42016,0,4287320,0
Ok,15-09-2025 14:00:00,1757925000,232.21,232.30,232.15,232.16,232.66,31944,0,4245304,0
Ok,15-09-2025 13:55:00,1757924700,232.23,232.30,232.17,232.26,232.66,31032,0,4213360,0
Ok,15-09-2025 13:50:00,1757924400,232.25,232.30,232.16,232.22,231.76,46319,0,4182328,0
Ok,15-09-2025 13:45:00,1757924100,232.15,232.32,232.10,232.27,232.03,63943,0,4136009,0
Ok,15-09-2025 13:40:00,1757923800,232.32,232.44,232.10,232.18,232.17,157153,0,4072066,0
Ok,15-09-2025 13:35:00,1757923500,232.37,232.48,232.30,232.35,232.70,43978,0,3914913,0
Ok,15-09-2025 13:30:00,1757923200,232.60,232.66,232.36,232.39,232.70,58569,0,3870935,0
Ok,15-09-2025 13:25:00,1757922900,232.45,232.65,232.45,232.59,232.06,59322,0,3812366,0
Ok,15-09-2025 13:20:00,1757922600,232.46,232.56,232.35,232.55,232.71,122893,0,3753044,0
Ok,15-09-2025 13:15:00,1757922300,232.38,232.54,232.35,232.51,231.89,43909,0,3630151,0
Ok,15-09-2025 13:10:00,1757922000,232.38,232.57,232.35,232.39,232.72,63748,0,3586242,0
Ok,15-09-2025 13:05:00,1757921700,232.28,232.51,232.23,232.42,232.00,48621,0,3522494,0
Ok,15-09-2025 13:00:00,1757921400,232.29,232.39,232.21,232.25,232.73,38605,0,3473873,0
Ok,15-09-2025 12:55:00,1757921100,232.25,232.32,232.20,232.24,232.09,53710,0,3435268,0
Ok,15-09-2025 12:50:00,1757920800,232.35,232.37,232.25,232.26,232.13,54630,0,3381558,0
Ok,15-09-2025 12:45:00,1757920500,232.34,232.45,232.32,232.32,232.75,36531,0,3326928,0
Ok,15-09-2025 12:40:00,1757920200,232.34,232.46,232.33,232.35,231.96,41240,0,3290397,0
Ok,15-09-2025 12:35:00,1757919900,232.35,232.43,232.33,232.35,232.76,33741,0,3249157,0
Ok,15-09-2025 12:30:00,1757919600,232.35,232.46,232.32,232.36,231.94,38938,0,3215416,0
Ok,15-09-2025 12:25:00,1757919300,232.35,232.49,232.35,232.36,232.77,37997,0,3176478,0
Ok,15-09-2025 12:20:00,1757919000,232.33,232.48,232.30,232.36,232.25,59897,0,3138481,0
Ok,15-09-2025 12:15:00,1757918700,232.40,232.43,232.30,232.32,232.25,57491,0,3078584,0
Ok,15-09-2025 12:10:00,1757918400,232.46,232.52,232.38,232.42,232.79,36015,0,3021093,0
Ok,15-09-2025 12:05:00,1757918100,232.81,232.81,232.40,232.40,232.22,51654,0,2985078,0
Ok,15-09-2025 12:00:00,1757917800,232.81,232.92,232.74,232.75,232.80,12844,0,2933424,0
Ok,15-09-2025 11:55:00,1757917500,232.96,232.96,232.40,232.79,232.64,331508,0,2920580,0
Ok,15-09-2025 11:50:00,1757917200,232.94,232.96,232.86,232.91,232.82,13580,0,2589072,0
Ok,15-09-2025 11:45:00,1757916900,232.81,232.95,232.81,232.86,232.82,18155,0,2575492,0
Ok,15-09-2025 11:40:00,1757916600,232.76,232.88,232.63,232.77,232.37,56024,0,2557337,0
Ok,15-09-2025 11:35:00,1757916300,232.63,232.77,232.61,232.67,232.83,19045,0,2501313,0
Ok,15-09-2025 11:30:00,1757916000,232.69,232.69,232.50,232.62,232.83,26424,0,2482268,0
Ok,15-09-2025 11:25:00,1757915700,232.55,232.69,232.46,232.57,232.46,66395,0,2455844,0
Ok,15-09-2025 11:20:00,1757915400,232.44,232.60,232.40,232.54,232.84,33954,0,2389449,0
Ok,15-09-2025 11:15:00,1757915100,232.75,232.75,232.35,232.49,232.43,111115,0,2355495,0
Ok,15-09-2025 11:10:00,1757914800,232.98,232.99,232.67,232.71,232.86,134428,0,2244380,0
Ok,15-09-2025 11:05:00,1757914500,232.88,233.09,232.80,232.90,232.86,133679,0,2109952,0
Ok,15-09-2025 11:00:00,1757914200,232.83,232.93,232.76,232.86,232.86,33059,0,1976273,0
Ok,15-09-2025 10:55:00,1757913900,232.69,232.85,232.61,232.76,232.86,52577,0,1943214,0
Ok,15-09-2025 10:50:00,1757913600,232.83,232.85,232.60,232.77,232.66,90406,0,1890637,0
Ok,15-09-2025 10:45:00,1757913300,232.91,232.96,232.75,232.75,232.87,60263,0,1800231,0
Ok,15-09-2025 10:40:00,1757913000,232.87,232.97,232.77,232.86,232.87,65562,0,1739968,0
Ok,15-09-2025 10:35:00,1757912700,232.75,232.93,232.70,232.86,232.87,134082,0,1674406,0
Ok,15-09-2025 10:30:00,1757912400,232.64,232.84,232.64,232.76,232.31,27242,0,1540324,0
Ok,15-09-2025 10:25:00,1757912100,232.60,232.77,232.55,232.59,232.66,65950,0,1513082,0
Ok,15-09-2025 10:20:00,1757911800,232.57,232.79,232.53,232.61,232.55,41649,0,1447132,0
Ok,15-09-2025 10:15:00,1757911500,232.54,232.80,232.45,232.56,232.74,84368,0,1405483,0
Ok,15-09-2025 10:10:00,1757911200,232.44,232.60,232.27,232.45,232.33,124812,0,1321115,0
Ok,15-09-2025 10:05:00,1757910900,232.81,232.81,232.36,232.50,232.52,164947,0,1196303,0
Ok,15-09-2025 10:00:00,1757910600,232.90,232.90,232.68,232.76,232.74,94766,0,1031356,0
Ok,15-09-2025 09:55:00,1757910300,233.10,233.21,232.84,232.85,232.95,137278,0,936590,0
Ok,15-09-2025 09:50:00,1757910000,232.93,233.18,232.89,233.15,233.01,98075,0,799312,0
Ok,15-09-2025 09:45:00,1757909700,232.67,233.00,232.67,232.91,232.83,71589,0,701237,0
Ok,15-09-2025 09:40:00,1757909400,232.76,232.85,232.62,232.70,232.70,120437,0,629648,0
Ok,15-09-2025 09:35:00,1757909100,233.18,233.25,232.57,232.65,232.78,232297,0,509211,0
Ok,15-09-2025 09:30:00,1757908800,234.02,234.10,233.15,233.17,233.44,101174,0,276914,0
Ok,15-09-2025 09:25:00,1757908500,233.83,234.19,233.75,233.95,233.92,39884,0,175740,0
Ok,15-09-2025 09:20:00,1757908200,233.62,233.91,233.57,233.75,233.74,31440,0,135856,0
Ok,15-09-2025 09:15:00,1757907900,233.34,234.00,233.33,233.56,233.57,104416,0,104416,0
