stat,time,ssboe,into,inth,intl,intc,intvwap,intv,intoi,v,oi
Ok,15-09-2025 15:25:00,1757930100,135.76,135.94,135.70,135.80,135.34,120747,0,5158517,0
Ok,15-09-2025 15:20:00,1757929800,135.77,135.85,135.72,135.78,136.17,214537,0,5037770,0
Ok,15-09-2025 15:15:00,1757929500,135.81,135.85,135.70,135.82,135.52,125885,0,4823233,0
Ok,15-09-2025 15:10:00,1757929200,135.82,135.90,135.78,135.84,135.87,57861,0,4697348,0
Ok,15-09-2025 15:05:00,1757928900,135.94,135.94,135.75,135.81,136.69,40083,0,4639487,0
Ok,15-09-2025 15:00:00,1757928600,135.93,135.99,135.78,135.95,135.92,117365,0,4599404,0
Ok,15-09-2025 14:55:00,1757928300,135.95,135.97,135.81,135.90,135.36,33009,0,4482039,0
Ok,15-09-2025 14:50:00,1757928000,136.11,136.14,135.95,135.99,135.48,35814,0,4449030,0
Ok,15-09-2025 14:45:00,1757927700,136.28,136.28,136.00,136.09,136.73,43881,0,4413216,0
Ok,15-09-2025 14:40:00,1757927400,136.20,136.39,136.08,136.37,135.78,46228,0,4369335,0
Ok,15-09-2025 14:35:00,1757927100,136.40,136.43,136.25,136.26,136.74,20894,0,4323107,0
Ok,15-09-2025 14:30:00,1757926800,136.40,136.50,136.39,136.48,136.37,114410,0,4302213,0
Ok,15-09-2025 14:25:00,1757926500,135.87,136.50,135.82,136.45,136.04,171445,0,4187803,0
Ok,15-09-2025 14:20:00,1757926200,136.23,136.28,135.87,135.95,136.04,54134,0,4016358,0
Ok,15-09-2025 14:15:00,1757925900,136.20,136.34,136.15,136.26,136.79,36219,0,3962224,0
Ok,15-09-2025 14:10:00,1757925600,136.04,136.26,136.04,136.22,135.42,28632,0,3926005,0
Ok,15-09-2025 14:05:00,1757925300,135.98,136.14,135.95,136.09,136.80,14709,0,3897373,0
Ok,15-09-2025 14:00:00,1757925000,136.19,136.19,135.90,135.94,135.73,71992,0,3882664,0
Ok,15-09-2025 13:55:00,1757924700,136.12,136.24,136.11,136.15,136.82,14236,0,3810672,0
Ok,15-09-2025 13:50:00,1757924400,136.16,136.18,136.11,136.11,136.82,3994,0,3796436,0
Ok,15-09-2025 13:45:00,1757924100,136.21,136.30,136.16,136.18,135.80,37076,0,3792442,0
Ok,15-09-2025 13:40:00,1757923800,136.40,136.40,136.01,136.24,136.83,43121,0,3755366,0
Ok,15-09-2025 13:35:00,1757923500,136.45,136.46,136.35,136.40,132.96,9591,0,3712245,0
Ok,15-09-2025 13:30:00,1757923200,136.46,136.50,136.39,136.46,136.84,31590,0,3702654,0
Ok,15-09-2025 13:25:00,1757922900,136.48,136.50,136.39,136.45,136.84,3742,0,3671064,0
Ok,15-09-2025 13:20:00,1757922600,136.28,136.50,136.21,136.45,136.84,44512,0,3667322,0
Ok,15-09-2025 13:15:00,1757922300,136.33,136.45,136.13,136.36,136.24,118090,0,3622810,0
Ok,15-09-2025 13:10:00,1757922000,136.29,136.35,136.29,136.31,136.86,4600,0,3504720,0
Ok,15-09-2025 13:05:00,1757921700,136.24,136.35,136.21,136.24,135.79,32539,0,3500120,0
Ok,15-09-2025 13:00:00,1757921400,136.19,136.29,136.14,136.22,136.11,45950,0,3467581,0
Ok,15-09-2025 12:55:00,1757921100,136.16,136.35,136.15,136.32,136.88,7720,0,3421631,0
Ok,15-09-2025 12:50:00,1757920800,136.21,136.29,136.15,136.20,135.23,20644,0,3413911,0
Ok,15-09-2025 12:45:00,1757920500,136.39,136.39,136.20,136.20,136.89,16042,0,3393267,0
Ok,15-09-2025 12:40:00,1757920200,136.40,136.45,136.35,136.35,136.89,19632,0,3377225,0
Ok,15-09-2025 12:35:00,1757919900,136.40,136.40,136.35,136.36,136.89,15701,0,3357593,0
Ok,15-09-2025 12:30:00,1757919600,136.34,136.37,136.32,136.35,135.51,24231,0,3341892,0
Ok,15-09-2025 12:25:00,1757919300,136.21,136.35,136.12,136.35,136.90,15829,0,3317661,0
Ok,15-09-2025 12:20:00,1757919000,136.30,136.30,136.01,136.23,136.24,98700,0,3301832,0
Ok,15-09-2025 12:15:00,1757918700,136.17,136.33,136.16,136.25,136.14,40717,0,3203132,0
Ok,15-09-2025 12:10:00,1757918400,136.13,136.30,136.11,136.20,135.16,17794,0,3162415,0
Ok,15-09-2025 12:05:00,1757918100,136.33,136.33,136.08,136.17,136.31,49675,0,3144621,0
Ok,15-09-2025 12:00:00,1757917800,136.81,136.81,136.20,136.28,136.55,282206,0,3094946,0
Ok,15-09-2025 11:55:00,1757917500,136.48,136.50,136.48,136.50,136.46,153028,0,2812740,0
Ok,15-09-2025 11:50:00,1757917200,136.48,136.50,136.45,136.47,136.44,173461,0,2659712,0
Ok,15-09-2025 11:45:00,1757916900,136.42,136.50,136.42,136.50,136.52,45984,0,2486251,0
Ok,15-09-2025 11:40:00,1757916600,136.47,136.50,136.39,136.43,136.59,49869,0,2440267,0
Ok,15-09-2025 11:35:00,1757916300,136.41,136.50,136.40,136.48,136.46,38809,0,2390398,0
Ok,15-09-2025 11:30:00,1757916000,136.40,136.48,136.36,136.42,137.09,8751,0,2351589,0
Ok,15-09-2025 11:25:00,1757915700,136.43,136.49,136.36,136.42,136.18,25639,0,2342838,0
Ok,15-09-2025 11:20:00,1757915400,136.45,136.50,136.43,136.50,136.43,34240,0,2317199,0
Ok,15-09-2025 11:15:00,1757915100,136.76,136.76,136.36,136.50,136.43,97848,0,2282959,0
Ok,15-09-2025 11:10:00,1757914800,136.82,136.84,136.66,136.68,137.14,18945,0,2185111,0
Ok,15-09-2025 11:05:00,1757914500,136.87,136.97,136.80,136.83,137.14,19210,0,2166166,0
Ok,15-09-2025 11:00:00,1757914200,136.97,137.17,136.84,136.93,136.95,114806,0,2146956,0
Ok,15-09-2025 10:55:00,1757913900,136.98,137.00,136.96,136.98,137.15,38958,0,2032150,0
Ok,15-09-2025 10:50:00,1757913600,137.01,137.05,136.85,137.00,136.88,72047,0,1993192,0
Ok,15-09-2025 10:45:00,1757913300,137.05,137.09,136.94,137.00,136.78,50638,0,1921145,0
Ok,15-09-2025 10:40:00,1757913000,137.30,137.30,137.00,137.00,137.17,42652,0,1870507,0
Ok,15-09-2025 10:35:00,1757912700,137.11,137.47,137.10,137.35,137.16,87242,0,1827855,0
Ok,15-09-2025 10:30:00,1757912400,137.30,137.34,137.01,137.10,137.17,60762,0,1740613,0
Ok,15-09-2025 10:25:00,1757912100,137.10,137.40,137.08,137.25,137.17,61773,0,1679851,0
Ok,15-09-2025 10:20:00,1757911800,137.01,137.18,137.01,137.13,137.17,11664,0,1618078,0
Ok,15-09-2025 10:15:00,1757911500,137.08,137.15,136.94,137.08,137.17,74024,0,1606414,0
Ok,15-09-2025 10:10:00,1757911200,137.10,137.20,136.83,137.10,136.98,80703,0,1532390,0
Ok,15-09-2025 10:05:00,1757910900,137.18,137.18,137.01,137.09,137.18,44724,0,1451687,0
Ok,15-09-2025 10:00:00,1757910600,137.25,137.33,137.08,137.08,137.18,39990,0,1406963,0
Ok,15-09-2025 09:55:00,1757910300,137.27,137.38,137.25,137.33,137.18,27116,0,1366973,0
Ok,15-09-2025 09:50:00,1757910000,137.28,137.29,137.17,137.26,137.18,28091,0,1339857,0
Ok,15-09-2025 09:45:00,1757909700,137.68,137.69,137.16,137.23,137.43,172102,0,1311766,0
Ok,15-09-2025 09:40:00,1757909400,137.08,137.85,137.07,137.67,137.48,141198,0,1139664,0
Ok,15-09-2025 09:35:00,1757909100,136.70,137.13,136.67,137.07,136.96,139308,0,998466,0
Ok,15-09-2025 09:30:00,1757908800,137.73,137.76,136.69,136.69,137.22,128210,0,859158,0
Ok,15-09-2025 09:25:00,1757908500,136.76,137.98,136.70,137.77,137.45,498188,0,730948,0
Ok,15-09-2025 09:20:00,1757908200,135.88,136.75,135.87,136.75,136.23,103421,0,232760,0
Ok,15-09-2025 09:15:00,1757907900,136.26,136.63,136.00,136.00,136.34,129339,0,129339,0
