stat,time,ssboe,into,inth,intl,intc,intvwap,intv,intoi,v,oi
Ok,17-09-2025 13:40:00,1758096600,271.95,272.00,271.45,271.65,271.47,2326,0,104128,0
Ok,17-09-2025 13:35:00,1758096300,271.90,271.90,271.65,271.90,272.37,94,0,101802,0
Ok,17-09-2025 13:30:00,1758096000,271.75,271.95,271.60,271.95,271.74,1617,0,101708,0
Ok,17-09-2025 13:25:00,1758095700,271.85,271.95,271.60,271.75,271.50,1143,0,100091,0
Ok,17-09-2025 13:20:00,1758095400,271.70,272.00,271.70,272.00,272.39,407,0,98948,0
Ok,17-09-2025 13:15:00,1758095100,271.85,271.85,271.70,271.85,272.03,12215,0,98541,0
Ok,17-09-2025 13:10:00,1758094800,272.05,272.25,272.05,272.05,272.44,271,0,86326,0
Ok,17-09-2025 13:05:00,1758094500,272.50,272.50,272.05,272.05,272.44,262,0,86055,0
Ok,17-09-2025 13:00:00,1758094200,272.45,272.55,272.05,272.50,271.73,1203,0,85793,0
Ok,17-09-2025 12:55:00,1758093900,272.60,272.60,272.25,272.25,272.45,224,0,84590,0
Ok,17-09-2025 12:50:00,1758093600,272.40,272.60,272.40,272.40,272.45,2226,0,84366,0
Ok,17-09-2025 12:45:00,1758093300,272.80,272.80,272.40,272.45,272.45,637,0,82140,0
Ok,17-09-2025 12:40:00,1758093000,272.35,272.85,272.35,272.85,273.31,929,0,81503,0
Ok,17-09-2025 12:35:00,1758092700,272.50,272.65,272.30,272.35,272.44,426,0,80574,0
Ok,17-09-2025 12:30:00,1758092400,272.55,272.65,272.20,272.50,272.44,173,0,80148,0
Ok,17-09-2025 12:25:00,1758092100,272.45,272.55,272.10,272.50,272.44,507,0,79975,0
Ok,17-09-2025 12:20:00,1758091800,272.40,272.75,272.15,272.45,272.44,915,0,79468,0
Ok,17-09-2025 12:15:00,1758091500,272.60,272.60,272.15,272.40,272.44,242,0,78553,0
Ok,17-09-2025 12:10:00,1758091200,272.35,272.60,272.10,272.55,272.44,629,0,78311,0
Ok,17-09-2025 12:05:00,1758090900,272.70,272.80,272.50,272.65,272.44,700,0,77682,0
Ok,17-09-2025 12:00:00,1758090600,272.55,272.70,272.20,272.35,272.44,1024,0,76982,0
Ok,17-09-2025 11:55:00,1758090300,272.55,272.55,272.20,272.45,272.44,404,0,75958,0
Ok,17-09-2025 11:50:00,1758090000,272.45,272.55,272.10,272.50,272.44,158,0,75554,0
Ok,17-09-2025 11:45:00,1758089700,272.20,272.45,272.05,272.40,271.68,985,0,75396,0
Ok,17-09-2025 11:40:00,1758089400,272.10,272.45,272.10,272.45,272.45,431,0,74411,0
Ok,17-09-2025 11:35:00,1758089100,272.20,272.30,272.00,272.25,272.45,796,0,73980,0
Ok,17-09-2025 11:30:00,1758088800,272.15,272.20,272.00,272.00,272.45,348,0,73184,0
Ok,17-09-2025 11:25:00,1758088500,271.95,272.10,271.70,272.10,271.61,865,0,72836,0
Ok,17-09-2025 11:20:00,1758088200,271.85,271.95,271.60,271.70,272.46,687,0,71971,0
Ok,17-09-2025 11:15:00,1758087900,272.05,272.05,271.30,271.90,271.34,2489,0,71284,0
Ok,17-09-2025 11:10:00,1758087600,272.30,272.60,272.05,272.05,272.50,3371,0,68795,0
Ok,17-09-2025 11:05:00,1758087300,272.60,272.60,272.20,272.60,272.50,700,0,65424,0
Ok,17-09-2025 11:00:00,1758087000,273.20,273.20,272.30,272.30,272.86,6387,0,64724,0
Ok,17-09-2025 10:55:00,1758086700,273.50,273.50,273.00,273.00,273.19,2274,0,58337,0
Ok,17-09-2025 10:50:00,1758086400,273.50,273.50,273.25,273.25,273.68,878,0,56063,0
Ok,17-09-2025 10:45:00,1758086100,273.05,273.45,273.05,273.35,273.31,2333,0,55185,0
Ok,17-09-2025 10:40:00,1758085800,273.45,273.50,273.00,273.40,273.12,2656,0,52852,0
Ok,17-09-2025 10:35:00,1758085500,272.40,273.90,272.05,273.35,273.07,12889,0,50196,0
Ok,17-09-2025 10:30:00,1758085200,271.95,272.45,271.85,272.45,272.19,2788,0,37307,0
Ok,17-09-2025 10:25:00,1758084900,271.95,272.15,271.85,271.95,272.06,910,0,34519,0
Ok,17-09-2025 10:20:00,1758084600,271.95,272.20,271.90,272.20,272.06,583,0,33609,0
Ok,17-09-2025 10:15:00,1758084300,271.70,272.00,271.65,271.90,271.35,464,0,33026,0
Ok,17-09-2025 10:10:00,1758084000,271.75,272.00,271.70,272.00,272.07,964,0,32562,0
Ok,17-09-2025 10:05:00,1758083700,271.95,272.20,271.65,271.65,271.72,902,0,31598,0
Ok,17-09-2025 10:00:00,1758083400,271.70,272.15,271.45,271.90,271.79,1043,0,30696,0
Ok,17-09-2025 09:55:00,1758083100,271.55,272.15,271.35,272.00,271.76,2510,0,29653,0
Ok,17-09-2025 09:50:00,1758082800,271.85,271.85,271.40,271.55,271.67,1165,0,27143,0
Ok,17-09-2025 09:45:00,1758082500,272.05,272.05,271.50,271.80,271.69,1648,0,25978,0
Ok,17-09-2025 09:40:00,1758082200,272.05,272.35,271.55,272.20,271.99,7061,0,24330,0
Ok,17-09-2025 09:35:00,1758081900,272.10,272.40,272.05,272.35,272.09,1104,0,17269,0
Ok,17-09-2025 09:30:00,1758081600,272.50,272.50,272.05,272.40,272.43,819,0,16165,0
Ok,17-09-2025 09:25:00,1758081300,272.20,272.95,271.60,272.40,272.24,5340,0,15346,0
Ok,17-09-2025 09:20:00,1758081000,272.00,272.95,271.80,272.40,272.44,4425,0,10006,0
Ok,17-09-2025 09:15:00,1758080700,271.55,272.75,271.55,271.95,272.16,4825,0,5581,0
