stat,time,ssboe,into,inth,intl,intc,intvwap,intv,intoi,v,oi
Ok,09-09-2025 15:25:00,1757411700,383.20,386.40,383.00,385.00,384.79,26771,0,479685,0
Ok,09-09-2025 15:20:00,1757411400,386.30,386.60,384.00,384.80,385.15,16446,0,452914,0
Ok,09-09-2025 15:15:00,1757411100,381.00,386.40,380.40,386.00,385.09,55347,0,436468,0
Ok,09-09-2025 15:10:00,1757410800,381.50,381.60,380.50,380.95,382.19,4600,0,381121,0
Ok,09-09-2025 15:05:00,1757410500,381.60,381.70,380.30,381.00,380.15,3817,0,376521,0
Ok,09-09-2025 15:00:00,1757410200,381.45,381.70,380.65,381.00,379.68,1493,0,372704,0
Ok,09-09-2025 14:55:00,1757409900,382.80,382.80,380.60,381.40,381.05,15635,0,371211,0
Ok,09-09-2025 14:50:00,1757409600,381.10,383.00,380.70,382.30,381.90,7817,0,355576,0
Ok,09-09-2025 14:45:00,1757409300,382.55,383.20,381.00,381.80,381.84,4860,0,347759,0
Ok,09-09-2025 14:40:00,1757409000,383.05,383.30,381.00,383.10,382.35,6105,0,342899,0
Ok,09-09-2025 14:35:00,1757408700,383.00,383.90,382.50,382.95,382.77,7091,0,336794,0
Ok,09-09-2025 14:30:00,1757408400,383.55,384.00,382.20,382.95,383.77,6319,0,329703,0
Ok,09-09-2025 14:25:00,1757408100,382.60,385.00,382.05,383.35,384.14,21612,0,323384,0
Ok,09-09-2025 14:20:00,1757407800,382.20,383.50,381.80,383.00,383.01,7860,0,301772,0
Ok,09-09-2025 14:15:00,1757407500,383.00,384.00,380.10,382.90,382.35,16341,0,293912,0
Ok,09-09-2025 14:10:00,1757407200,382.20,383.90,381.25,382.60,382.20,17410,0,277571,0
Ok,09-09-2025 14:05:00,1757406900,381.85,384.95,381.00,382.00,383.44,36992,0,260161,0
Ok,09-09-2025 14:00:00,1757406600,377.70,382.00,377.65,381.30,380.45,48612,0,223169,0
Ok,09-09-2025 13:55:00,1757406300,378.00,379.00,377.20,378.05,378.23,5525,0,174557,0
Ok,09-09-2025 13:50:00,1757406000,379.25,379.25,377.20,377.20,378.45,16405,0,169032,0
Ok,09-09-2025 13:45:00,1757405700,374.00,379.20,373.50,379.20,375.71,26622,0,152627,0
Ok,09-09-2025 13:40:00,1757405400,372.60,373.50,372.35,373.15,372.73,2597,0,126005,0
Ok,09-09-2025 13:35:00,1757405100,373.90,373.90,372.15,372.25,373.56,1730,0,123408,0
Ok,09-09-2025 13:30:00,1757404800,371.35,373.90,371.35,373.90,372.66,1776,0,121678,0
Ok,09-09-2025 13:25:00,1757404500,372.40,372.55,371.35,371.35,371.60,1005,0,119902,0
Ok,09-09-2025 13:20:00,1757404200,372.70,372.70,371.50,371.70,371.62,976,0,118897,0
Ok,09-09-2025 13:15:00,1757403900,372.25,373.65,372.05,372.70,372.88,5488,0,117921,0
Ok,09-09-2025 13:10:00,1757403600,372.40,372.40,372.25,372.25,372.31,340,0,112433,0
Ok,09-09-2025 13:05:00,1757403300,372.75,373.75,372.25,372.30,372.76,2621,0,112093,0
Ok,09-09-2025 13:00:00,1757403000,373.80,373.90,373.20,373.20,373.53,6670,0,109472,0
Ok,09-09-2025 12:55:00,1757402700,372.60,373.90,372.60,373.90,373.05,4005,0,102802,0
Ok,09-09-2025 12:50:00,1757402400,371.75,371.75,371.75,371.75,368.44,80,0,98797,0
Ok,09-09-2025 12:45:00,1757402100,370.85,372.15,370.85,372.15,371.56,2458,0,98717,0
Ok,09-09-2025 12:40:00,1757401800,371.45,371.45,370.70,370.70,372.40,237,0,96259,0
Ok,09-09-2025 12:35:00,1757401500,370.90,371.55,370.55,371.50,371.36,3954,0,96022,0
Ok,09-09-2025 12:30:00,1757401200,370.90,370.95,369.90,370.90,369.78,2285,0,92068,0
Ok,09-09-2025 12:25:00,1757400900,372.10,372.10,370.45,371.40,371.54,1055,0,89783,0
Ok,09-09-2025 12:20:00,1757400600,371.50,372.65,370.40,372.60,371.72,3783,0,88728,0
Ok,09-09-2025 12:15:00,1757400300,370.70,373.75,370.55,371.45,372.18,18113,0,84945,0
Ok,09-09-2025 12:10:00,1757400000,367.70,371.20,367.30,370.50,369.65,16322,0,66832,0
Ok,09-09-2025 12:05:00,1757399700,366.55,369.90,366.00,367.65,367.09,12375,0,50510,0
Ok,09-09-2025 12:00:00,1757399400,365.70,369.20,364.80,367.00,367.41,10257,0,38135,0
Ok,09-09-2025 11:55:00,1757399100,363.35,366.65,363.10,366.60,365.83,5080,0,27878,0
Ok,09-09-2025 11:50:00,1757398800,363.50,363.50,363.35,363.35,364.64,8,0,22798,0
Ok,09-09-2025 11:45:00,1757398500,363.45,363.50,363.30,363.50,364.64,111,0,22790,0
Ok,09-09-2025 11:40:00,1757398200,363.85,363.85,363.50,363.50,393.62,109,0,22679,0
Ok,09-09-2025 11:35:00,1757397900,364.00,364.00,364.00,364.00,364.50,63,0,22570,0
Ok,09-09-2025 11:30:00,1757397600,364.00,364.05,364.00,364.00,364.50,46,0,22507,0
Ok,09-09-2025 11:25:00,1757397300,364.00,364.05,364.00,364.00,364.50,8,0,22461,0
Ok,09-09-2025 11:20:00,1757397000,364.20,364.35,364.00,364.00,364.50,30,0,22453,0
Ok,09-09-2025 11:15:00,1757396700,366.00,366.05,364.30,364.30,365.62,6262,0,22423,0
Ok,09-09-2025 11:10:00,1757396400,365.05,365.50,365.05,365.05,364.06,57,0,16161,0
Ok,09-09-2025 11:05:00,1757396100,365.05,365.60,365.05,365.05,365.56,106,0,16104,0
Ok,09-09-2025 11:00:00,1757395800,365.15,365.85,365.00,365.05,365.05,610,0,15998,0
Ok,09-09-2025 10:55:00,1757395500,365.30,365.30,365.15,365.15,367.20,48,0,15388,0
Ok,09-09-2025 10:50:00,1757395200,365.65,365.75,365.30,365.30,364.00,66,0,15340,0
Ok,09-09-2025 10:45:00,1757394900,365.75,366.20,365.50,365.80,366.10,423,0,15274,0
Ok,09-09-2025 10:40:00,1757394600,365.45,366.90,365.30,365.70,366.04,922,0,14851,0
Ok,09-09-2025 10:35:00,1757394300,365.90,365.90,365.55,365.55,365.11,105,0,13929,0
Ok,09-09-2025 10:30:00,1757394000,365.40,365.40,365.30,365.30,365.89,130,0,13824,0
Ok,09-09-2025 10:25:00,1757393700,365.40,365.40,365.05,365.30,364.85,248,0,13694,0
Ok,09-09-2025 10:20:00,1757393400,365.25,365.80,365.25,365.30,365.16,94,0,13446,0
Ok,09-09-2025 10:15:00,1757393100,364.20,365.95,363.05,365.15,364.75,5514,0,13352,0
Ok,09-09-2025 10:10:00,1757392800,364.00,364.20,363.60,364.20,364.07,420,0,7838,0
Ok,09-09-2025 10:05:00,1757392500,364.00,364.00,364.00,364.00,362.96,2,0,7418,0
Ok,09-09-2025 10:00:00,1757392200,363.00,363.65,363.00,363.65,363.36,345,0,7416,0
Ok,09-09-2025 09:55:00,1757391900,363.40,363.45,363.00,363.00,363.55,222,0,7071,0
Ok,09-09-2025 09:50:00,1757391600,363.45,363.45,362.90,363.40,362.92,129,0,6849,0
Ok,09-09-2025 09:45:00,1757391300,363.00,363.45,363.00,363.45,362.92,50,0,6720,0
Ok,09-09-2025 09:40:00,1757391000,362.80,363.20,362.80,363.20,362.95,1269,0,6670,0
Ok,09-09-2025 09:35:00,1757390700,362.60,362.60,362.60,362.60,362.68,457,0,5401,0
Ok,09-09-2025 09:30:00,1757390400,362.75,363.10,362.00,363.10,362.52,1886,0,4944,0
Ok,09-09-2025 09:25:00,1757390100,363.00,363.40,362.60,363.00,362.67,380,0,3058,0
Ok,09-09-2025 09:20:00,1757389800,362.80,364.00,362.80,363.00,362.98,424,0,2678,0
Ok,09-09-2025 09:15:00,1757389500,364.35,364.45,362.60,362.60,363.30,2204,0,2254,0
