stat,time,ssboe,into,inth,intl,intc,intvwap,intv,intoi,v,oi
Ok,09-09-2025 15:25:00,1757411700,515.00,519.00,515.00,519.00,515.34,6402,0,213763,0
Ok,09-09-2025 15:20:00,1757411400,515.00,515.20,514.10,515.20,514.95,5951,0,207361,0
Ok,09-09-2025 15:15:00,1757411100,515.30,515.65,514.35,515.25,514.80,9316,0,201410,0
Ok,09-09-2025 15:10:00,1757410800,516.10,516.55,515.35,515.65,516.16,5289,0,192094,0
Ok,09-09-2025 15:05:00,1757410500,515.50,516.45,515.20,516.45,515.67,4843,0,186805,0
Ok,09-09-2025 15:00:00,1757410200,515.60,515.95,515.00,515.45,514.95,8337,0,181962,0
Ok,09-09-2025 14:55:00,1757409900,516.40,516.75,515.20,515.50,516.15,3775,0,173625,0
Ok,09-09-2025 14:50:00,1757409600,515.65,516.45,515.05,516.00,516.25,1412,0,169850,0
Ok,09-09-2025 14:45:00,1757409300,515.50,516.20,515.30,515.30,516.30,940,0,168438,0
Ok,09-09-2025 14:40:00,1757409000,515.70,516.30,515.00,515.50,514.08,1146,0,167498,0
Ok,09-09-2025 14:35:00,1757408700,516.00,516.20,515.75,515.75,516.81,1588,0,166352,0
Ok,09-09-2025 14:30:00,1757408400,516.40,516.50,515.90,516.10,516.44,1397,0,164764,0
Ok,09-09-2025 14:25:00,1757408100,515.50,516.10,515.10,516.05,515.17,1680,0,163367,0
Ok,09-09-2025 14:20:00,1757407800,515.70,515.80,515.10,515.10,516.62,472,0,161687,0
Ok,09-09-2025 14:15:00,1757407500,515.40,515.85,515.10,515.30,515.92,1548,0,161215,0
Ok,09-09-2025 14:10:00,1757407200,515.50,516.05,515.35,515.60,512.73,433,0,159667,0
Ok,09-09-2025 14:05:00,1757406900,515.75,516.05,515.40,515.85,515.20,324,0,159234,0
Ok,09-09-2025 14:00:00,1757406600,515.35,516.30,515.10,516.20,516.32,418,0,158910,0
Ok,09-09-2025 13:55:00,1757406300,515.80,516.15,515.40,515.40,516.04,387,0,158492,0
Ok,09-09-2025 13:50:00,1757406000,516.00,516.30,515.60,516.10,514.06,260,0,158105,0
Ok,09-09-2025 13:45:00,1757405700,516.45,516.50,516.00,516.00,520.15,252,0,157845,0
Ok,09-09-2025 13:40:00,1757405400,516.95,517.15,516.15,516.50,515.41,332,0,157593,0
Ok,09-09-2025 13:35:00,1757405100,517.30,517.30,516.30,516.70,517.23,1071,0,157261,0
Ok,09-09-2025 13:30:00,1757404800,517.40,517.90,517.40,517.85,517.64,615,0,156190,0
Ok,09-09-2025 13:25:00,1757404500,516.45,517.50,516.20,517.50,516.27,1185,0,155575,0
Ok,09-09-2025 13:20:00,1757404200,517.10,517.10,516.70,516.70,518.45,870,0,154390,0
Ok,09-09-2025 13:15:00,1757403900,516.75,517.05,516.75,517.05,514.59,272,0,153520,0
Ok,09-09-2025 13:10:00,1757403600,516.65,517.35,516.65,516.80,517.34,527,0,153248,0
Ok,09-09-2025 13:05:00,1757403300,515.90,517.00,515.00,516.75,515.56,2248,0,152721,0
Ok,09-09-2025 13:00:00,1757403000,515.25,515.70,515.05,515.50,514.50,516,0,150473,0
Ok,09-09-2025 12:55:00,1757402700,515.90,515.95,515.10,515.25,515.98,687,0,149957,0
Ok,09-09-2025 12:50:00,1757402400,516.60,516.90,515.50,515.85,515.28,586,0,149270,0
Ok,09-09-2025 12:45:00,1757402100,516.25,516.95,516.20,516.95,516.38,1110,0,148684,0
Ok,09-09-2025 12:40:00,1757401800,515.50,516.80,515.50,516.20,515.64,4801,0,147574,0
Ok,09-09-2025 12:35:00,1757401500,516.75,516.75,516.15,516.15,516.04,315,0,142773,0
Ok,09-09-2025 12:30:00,1757401200,516.40,517.55,516.35,516.70,516.68,2161,0,142458,0
Ok,09-09-2025 12:25:00,1757400900,516.50,516.90,516.15,516.75,518.27,593,0,140297,0
Ok,09-09-2025 12:20:00,1757400600,515.85,516.75,515.85,516.10,515.38,793,0,139704,0
Ok,09-09-2025 12:15:00,1757400300,515.45,516.20,515.25,515.55,515.80,851,0,138911,0
Ok,09-09-2025 12:10:00,1757400000,515.85,516.00,515.40,515.90,515.03,485,0,138060,0
Ok,09-09-2025 12:05:00,1757399700,515.90,515.95,515.50,515.95,516.94,723,0,137575,0
Ok,09-09-2025 12:00:00,1757399400,516.35,516.70,515.85,515.85,515.63,1848,0,136852,0
Ok,09-09-2025 11:55:00,1757399100,516.05,516.80,516.05,516.75,517.04,713,0,135004,0
Ok,09-09-2025 11:50:00,1757398800,516.90,517.00,516.00,516.35,516.47,1824,0,134291,0
Ok,09-09-2025 11:45:00,1757398500,517.50,517.50,516.60,516.60,517.01,1015,0,132467,0
Ok,09-09-2025 11:40:00,1757398200,517.40,517.50,516.30,517.00,516.75,2172,0,131452,0
Ok,09-09-2025 11:35:00,1757397900,517.85,517.90,517.30,517.70,516.96,639,0,129280,0
Ok,09-09-2025 11:30:00,1757397600,518.55,518.55,517.95,518.20,518.53,1536,0,128641,0
Ok,09-09-2025 11:25:00,1757397300,518.10,518.60,518.10,518.55,518.52,1000,0,127105,0
Ok,09-09-2025 11:20:00,1757397000,518.30,519.50,517.50,517.85,518.12,6496,0,126105,0
Ok,09-09-2025 11:15:00,1757396700,519.50,519.50,518.20,518.50,518.50,1305,0,119609,0
Ok,09-09-2025 11:10:00,1757396400,518.65,519.20,518.60,519.00,519.97,917,0,118304,0
Ok,09-09-2025 11:05:00,1757396100,519.40,519.50,518.60,518.95,519.14,3743,0,117387,0
Ok,09-09-2025 11:00:00,1757395800,520.05,520.05,518.50,519.00,518.68,2101,0,113644,0
Ok,09-09-2025 10:55:00,1757395500,520.50,520.70,519.70,520.25,519.87,734,0,111543,0
Ok,09-09-2025 10:50:00,1757395200,521.25,521.80,519.50,519.70,520.26,4703,0,110809,0
Ok,09-09-2025 10:45:00,1757394900,520.65,521.25,520.65,520.95,521.45,85,0,106106,0
Ok,09-09-2025 10:40:00,1757394600,521.45,521.45,520.65,520.65,521.45,396,0,106021,0
Ok,09-09-2025 10:35:00,1757394300,521.00,521.55,520.55,521.55,521.45,635,0,105625,0
Ok,09-09-2025 10:30:00,1757394000,521.35,521.35,520.45,520.45,520.05,752,0,104990,0
Ok,09-09-2025 10:25:00,1757393700,521.50,521.75,520.70,521.70,521.46,959,0,104238,0
Ok,09-09-2025 10:20:00,1757393400,520.95,521.50,520.70,521.50,521.46,685,0,103279,0
Ok,09-09-2025 10:15:00,1757393100,521.00,521.50,520.70,520.70,521.46,1125,0,102594,0
Ok,09-09-2025 10:10:00,1757392800,521.25,522.20,521.05,521.50,521.52,13648,0,101469,0
Ok,09-09-2025 10:05:00,1757392500,522.45,522.45,520.35,521.40,521.44,3189,0,87821,0
Ok,09-09-2025 10:00:00,1757392200,523.30,523.30,521.50,521.95,522.26,7542,0,84632,0
Ok,09-09-2025 09:55:00,1757391900,519.95,523.40,519.95,522.90,522.55,27158,0,77090,0
Ok,09-09-2025 09:50:00,1757391600,520.45,522.00,519.35,519.35,520.56,3063,0,49932,0
Ok,09-09-2025 09:45:00,1757391300,519.55,521.20,519.15,521.20,520.48,3609,0,46869,0
Ok,09-09-2025 09:40:00,1757391000,518.80,520.95,518.45,519.45,519.80,2598,0,43260,0
Ok,09-09-2025 09:35:00,1757390700,517.40,519.45,517.30,519.25,518.32,2463,0,40662,0
Ok,09-09-2025 09:30:00,1757390400,519.90,520.10,517.00,517.00,518.59,4295,0,38199,0
Ok,09-09-2025 09:25:00,1757390100,519.70,520.85,518.55,520.25,519.35,6350,0,33904,0
Ok,09-09-2025 09:20:00,1757389800,520.35,522.70,519.10,519.45,520.63,10123,0,27554,0
Ok,09-09-2025 09:15:00,1757389500,522.95,525.45,520.15,520.40,522.35,16626,0,17431,0
