stat,time,ssboe,into,inth,intl,intc,intvwap,intv,intoi,v,oi
Ok,09-09-2025 15:25:00,1757411700,644.00,645.05,643.00,644.55,644.14,7453,0,194700,0
Ok,09-09-2025 15:20:00,1757411400,645.40,645.90,642.00,643.75,643.95,13944,0,187247,0
Ok,09-09-2025 15:15:00,1757411100,644.40,646.35,644.40,645.00,645.46,4464,0,173303,0
Ok,09-09-2025 15:10:00,1757410800,647.10,647.30,644.30,644.30,646.11,3199,0,168839,0
Ok,09-09-2025 15:05:00,1757410500,644.20,647.65,643.70,647.65,644.79,6503,0,165640,0
Ok,09-09-2025 15:00:00,1757410200,644.50,644.85,644.00,644.00,644.03,1457,0,159137,0
Ok,09-09-2025 14:55:00,1757409900,644.15,644.90,644.00,644.20,644.35,1158,0,157680,0
Ok,09-09-2025 14:50:00,1757409600,645.00,645.50,644.50,644.50,644.48,1568,0,156522,0
Ok,09-09-2025 14:45:00,1757409300,644.65,645.45,644.10,644.95,645.83,1164,0,154954,0
Ok,09-09-2025 14:40:00,1757409000,645.20,645.50,644.50,644.80,644.76,1632,0,153790,0
Ok,09-09-2025 14:35:00,1757408700,646.30,646.30,645.20,645.30,645.64,1047,0,152158,0
Ok,09-09-2025 14:30:00,1757408400,646.45,646.80,646.25,646.25,646.55,1491,0,151111,0
Ok,09-09-2025 14:25:00,1757408100,645.00,646.15,645.00,646.05,646.05,590,0,149620,0
Ok,09-09-2025 14:20:00,1757407800,645.25,645.40,645.00,645.20,643.85,627,0,149030,0
Ok,09-09-2025 14:15:00,1757407500,645.75,646.15,645.40,645.50,645.47,941,0,148403,0
Ok,09-09-2025 14:10:00,1757407200,645.05,645.70,644.00,645.50,644.80,3025,0,147462,0
Ok,09-09-2025 14:05:00,1757406900,645.40,645.75,644.35,644.85,644.06,620,0,144437,0
Ok,09-09-2025 14:00:00,1757406600,645.10,645.90,644.05,645.30,645.15,4305,0,143817,0
Ok,09-09-2025 13:55:00,1757406300,645.15,645.15,645.05,645.15,645.19,382,0,139512,0
Ok,09-09-2025 13:50:00,1757406000,645.10,645.95,645.00,645.15,643.74,813,0,139130,0
Ok,09-09-2025 13:45:00,1757405700,645.90,645.90,645.00,645.00,645.33,389,0,138317,0
Ok,09-09-2025 13:40:00,1757405400,645.00,645.90,645.00,645.85,645.09,1439,0,137928,0
Ok,09-09-2025 13:35:00,1757405100,645.50,645.55,645.00,645.20,645.25,739,0,136489,0
Ok,09-09-2025 13:30:00,1757404800,645.90,646.20,645.30,645.30,642.98,454,0,135750,0
Ok,09-09-2025 13:25:00,1757404500,645.35,646.10,645.35,645.90,648.97,612,0,135296,0
Ok,09-09-2025 13:20:00,1757404200,645.20,646.10,645.15,646.10,643.93,533,0,134684,0
Ok,09-09-2025 13:15:00,1757403900,645.10,645.65,645.10,645.55,648.99,315,0,134151,0
Ok,09-09-2025 13:10:00,1757403600,645.70,645.70,645.10,645.55,644.05,810,0,133836,0
Ok,09-09-2025 13:05:00,1757403300,646.10,646.55,645.30,645.70,645.86,420,0,133026,0
Ok,09-09-2025 13:00:00,1757403000,645.15,646.55,645.00,646.55,646.05,1325,0,132606,0
Ok,09-09-2025 12:55:00,1757402700,645.55,645.95,645.35,645.50,644.56,582,0,131281,0
Ok,09-09-2025 12:50:00,1757402400,646.25,646.55,645.75,645.80,645.99,423,0,130699,0
Ok,09-09-2025 12:45:00,1757402100,646.20,647.15,645.55,646.70,646.19,896,0,130276,0
Ok,09-09-2025 12:40:00,1757401800,645.65,646.30,645.05,646.30,645.39,1038,0,129380,0
Ok,09-09-2025 12:35:00,1757401500,645.00,645.80,645.00,645.70,645.16,2221,0,128342,0
Ok,09-09-2025 12:30:00,1757401200,646.00,646.00,645.50,645.80,646.64,492,0,126121,0
Ok,09-09-2025 12:25:00,1757400900,646.40,646.40,646.00,646.30,649.22,187,0,125629,0
Ok,09-09-2025 12:20:00,1757400600,646.85,646.85,645.55,646.40,643.74,457,0,125442,0
Ok,09-09-2025 12:15:00,1757400300,645.95,646.55,645.95,646.45,649.24,332,0,124985,0
Ok,09-09-2025 12:10:00,1757400000,645.20,646.45,645.20,646.40,644.36,764,0,124653,0
Ok,09-09-2025 12:05:00,1757399700,645.70,645.70,645.20,645.50,645.65,1693,0,123889,0
Ok,09-09-2025 12:00:00,1757399400,646.35,646.95,645.60,645.60,646.47,1277,0,122196,0
Ok,09-09-2025 11:55:00,1757399100,646.30,646.50,646.00,646.50,644.74,523,0,120919,0
Ok,09-09-2025 11:50:00,1757398800,646.70,646.95,646.10,646.30,647.16,545,0,120396,0
Ok,09-09-2025 11:45:00,1757398500,648.10,648.10,647.00,647.00,647.37,595,0,119851,0
Ok,09-09-2025 11:40:00,1757398200,647.15,648.00,647.05,648.00,647.17,1593,0,119256,0
Ok,09-09-2025 11:35:00,1757397900,646.65,647.15,646.30,647.10,647.24,1076,0,117663,0
Ok,09-09-2025 11:30:00,1757397600,646.10,646.85,646.10,646.30,645.93,662,0,116587,0
Ok,09-09-2025 11:25:00,1757397300,646.50,647.10,646.10,646.10,647.15,998,0,115925,0
Ok,09-09-2025 11:20:00,1757397000,647.00,647.90,646.55,646.70,647.49,1714,0,114927,0
Ok,09-09-2025 11:15:00,1757396700,646.55,646.95,646.50,646.60,645.29,535,0,113213,0
Ok,09-09-2025 11:10:00,1757396400,647.40,647.80,646.90,646.90,647.15,4555,0,112678,0
Ok,09-09-2025 11:05:00,1757396100,647.25,647.85,647.10,647.15,649.63,315,0,108123,0
Ok,09-09-2025 11:00:00,1757395800,648.40,648.40,647.10,647.75,648.03,3907,0,107808,0
Ok,09-09-2025 10:55:00,1757395500,647.55,648.50,647.55,648.50,646.81,719,0,103901,0
Ok,09-09-2025 10:50:00,1757395200,648.25,648.25,647.35,647.50,647.81,542,0,103182,0
Ok,09-09-2025 10:45:00,1757394900,647.15,648.10,647.10,648.10,647.57,949,0,102640,0
Ok,09-09-2025 10:40:00,1757394600,647.65,648.95,647.20,647.50,648.15,1887,0,101691,0
Ok,09-09-2025 10:35:00,1757394300,646.50,649.45,646.05,647.90,647.49,2149,0,99804,0
Ok,09-09-2025 10:30:00,1757394000,647.10,647.20,646.05,646.05,646.39,1409,0,97655,0
Ok,09-09-2025 10:25:00,1757393700,647.65,647.65,646.80,646.95,647.30,1846,0,96246,0
Ok,09-09-2025 10:20:00,1757393400,647.70,647.75,647.00,647.45,647.21,1715,0,94400,0
Ok,09-09-2025 10:15:00,1757393100,650.45,650.45,647.75,647.75,648.96,3549,0,92685,0
Ok,09-09-2025 10:10:00,1757392800,650.40,650.50,648.00,648.90,650.00,3858,0,89136,0
Ok,09-09-2025 10:05:00,1757392500,652.10,652.25,649.60,650.35,650.83,4895,0,85278,0
Ok,09-09-2025 10:00:00,1757392200,652.30,652.30,650.25,651.25,651.14,5039,0,80383,0
Ok,09-09-2025 09:55:00,1757391900,653.60,653.80,651.65,652.50,652.54,4256,0,75344,0
Ok,09-09-2025 09:50:00,1757391600,650.80,655.90,650.80,654.05,653.78,14580,0,71088,0
Ok,09-09-2025 09:45:00,1757391300,648.75,650.00,647.30,650.00,648.43,2390,0,56508,0
Ok,09-09-2025 09:40:00,1757391000,647.35,649.80,646.00,648.35,647.58,5381,0,54118,0
Ok,09-09-2025 09:35:00,1757390700,648.80,648.80,647.15,647.55,648.19,3062,0,48737,0
Ok,09-09-2025 09:30:00,1757390400,651.30,651.30,648.80,648.90,650.44,7792,0,45675,0
Ok,09-09-2025 09:25:00,1757390100,646.50,650.85,644.85,650.05,646.55,10003,0,37883,0
Ok,09-09-2025 09:20:00,1757389800,647.95,651.15,646.25,647.00,648.32,15406,0,27880,0
Ok,09-09-2025 09:15:00,1757389500,650.00,652.05,648.75,649.15,650.46,11641,0,12474,0
