stat,time,ssboe,into,inth,intl,intc,intvwap,intv,intoi,v,oi
Ok,18-09-2025 15:10:00,1758188400,368.15,368.15,367.90,368.00,370.16,1771,0,223438,0
Ok,18-09-2025 15:05:00,1758188100,368.30,368.50,368.00,368.00,368.54,2035,0,221667,0
Ok,18-09-2025 15:00:00,1758187800,368.10,368.50,367.95,368.00,368.31,770,0,219632,0
Ok,18-09-2025 14:55:00,1758187500,367.80,368.60,367.10,368.10,367.32,7275,0,218862,0
Ok,18-09-2025 14:50:00,1758187200,368.25,369.05,368.10,368.25,368.22,3119,0,211587,0
Ok,18-09-2025 14:45:00,1758186900,369.10,369.30,367.50,368.10,367.95,3537,0,208468,0
Ok,18-09-2025 14:40:00,1758186600,370.15,370.40,368.80,368.80,369.67,2549,0,204931,0
Ok,18-09-2025 14:35:00,1758186300,369.50,370.70,369.25,370.55,369.97,3514,0,202382,0
Ok,18-09-2025 14:30:00,1758186000,369.15,369.45,368.90,369.45,368.36,319,0,198868,0
Ok,18-09-2025 14:25:00,1758185700,369.00,369.30,369.00,369.00,370.07,438,0,198549,0
Ok,18-09-2025 14:20:00,1758185400,370.50,370.50,369.00,369.00,369.83,2863,0,198111,0
Ok,18-09-2025 14:15:00,1758185100,370.80,370.80,370.50,370.50,374.68,193,0,195248,0
Ok,18-09-2025 14:10:00,1758184800,370.50,370.65,370.15,370.50,361.96,764,0,195055,0
Ok,18-09-2025 14:05:00,1758184500,369.60,370.50,369.60,370.50,373.61,1722,0,194291,0
Ok,18-09-2025 14:00:00,1758184200,369.95,369.95,369.90,369.90,374.74,116,0,192569,0
Ok,18-09-2025 13:55:00,1758183900,369.90,369.90,369.55,369.55,360.27,133,0,192453,0
Ok,18-09-2025 13:50:00,1758183600,370.25,370.55,369.90,369.90,370.26,1280,0,192320,0
Ok,18-09-2025 13:45:00,1758183300,369.35,370.25,368.60,370.25,369.55,10049,0,191040,0
Ok,18-09-2025 13:40:00,1758183000,371.95,371.95,371.35,371.35,370.91,435,0,180991,0
Ok,18-09-2025 13:35:00,1758182700,371.35,371.95,371.35,371.95,375.08,82,0,180556,0
Ok,18-09-2025 13:30:00,1758182400,371.85,371.85,371.35,371.70,375.08,51,0,180474,0
Ok,18-09-2025 13:25:00,1758182100,371.95,372.00,371.75,371.75,371.84,558,0,180423,0
Ok,18-09-2025 13:20:00,1758181800,371.85,371.95,371.85,371.95,372.63,729,0,179865,0
Ok,18-09-2025 13:15:00,1758181500,371.45,371.90,371.45,371.85,371.39,483,0,179136,0
Ok,18-09-2025 13:10:00,1758181200,371.70,372.50,371.70,372.00,371.65,1538,0,178653,0
Ok,18-09-2025 13:05:00,1758180900,372.05,372.50,371.80,372.50,375.14,377,0,177115,0
Ok,18-09-2025 13:00:00,1758180600,373.70,373.70,372.50,372.50,372.89,4610,0,176738,0
Ok,18-09-2025 12:55:00,1758180300,373.75,373.75,373.50,373.50,375.20,796,0,172128,0
Ok,18-09-2025 12:50:00,1758180000,373.85,373.85,373.60,373.85,375.20,420,0,171332,0
Ok,18-09-2025 12:45:00,1758179700,373.85,374.20,373.80,374.20,375.20,386,0,170912,0
Ok,18-09-2025 12:40:00,1758179400,374.00,374.75,373.50,374.00,374.14,7736,0,170526,0
Ok,18-09-2025 12:35:00,1758179100,374.30,374.30,374.05,374.15,374.18,1520,0,162790,0
Ok,18-09-2025 12:30:00,1758178800,375.00,375.00,374.40,374.75,374.75,3185,0,161270,0
Ok,18-09-2025 12:25:00,1758178500,374.30,374.80,374.30,374.65,375.27,705,0,158085,0
Ok,18-09-2025 12:20:00,1758178200,374.85,374.85,374.60,374.80,374.45,5618,0,157380,0
Ok,18-09-2025 12:15:00,1758177900,374.50,374.85,374.50,374.85,372.22,492,0,151762,0
Ok,18-09-2025 12:10:00,1758177600,374.20,374.40,374.10,374.30,375.31,202,0,151270,0
Ok,18-09-2025 12:05:00,1758177300,374.30,374.30,374.25,374.25,375.31,315,0,151068,0
Ok,18-09-2025 12:00:00,1758177000,374.50,374.50,374.25,374.50,374.47,1795,0,150753,0
Ok,18-09-2025 11:55:00,1758176700,374.85,374.90,374.55,374.85,375.32,198,0,148958,0
Ok,18-09-2025 11:50:00,1758176400,374.55,374.95,374.50,374.70,375.32,569,0,148760,0
Ok,18-09-2025 11:45:00,1758176100,374.50,374.90,374.50,374.85,374.46,1709,0,148191,0
Ok,18-09-2025 11:40:00,1758175800,374.60,374.60,374.50,374.55,375.33,181,0,146482,0
Ok,18-09-2025 11:35:00,1758175500,374.50,374.85,374.50,374.60,374.19,1283,0,146301,0
Ok,18-09-2025 11:30:00,1758175200,375.00,375.00,374.55,374.60,375.34,270,0,145018,0
Ok,18-09-2025 11:25:00,1758174900,374.85,375.20,374.70,375.10,375.34,371,0,144748,0
Ok,18-09-2025 11:20:00,1758174600,373.50,374.85,373.50,374.85,373.78,1842,0,144377,0
Ok,18-09-2025 11:15:00,1758174300,373.50,373.90,373.50,373.80,374.30,1336,0,142535,0
Ok,18-09-2025 11:10:00,1758174000,372.55,373.90,372.00,373.80,372.56,5347,0,141199,0
Ok,18-09-2025 11:05:00,1758173700,374.75,374.75,372.00,372.20,373.59,11886,0,135852,0
Ok,18-09-2025 11:00:00,1758173400,375.40,375.50,374.70,374.70,375.66,1473,0,123966,0
Ok,18-09-2025 10:55:00,1758173100,375.15,375.50,375.00,375.05,375.12,2267,0,122493,0
Ok,18-09-2025 10:50:00,1758172800,375.50,375.85,375.35,375.85,375.67,1024,0,120226,0
Ok,18-09-2025 10:45:00,1758172500,375.65,376.00,375.35,375.35,374.92,1594,0,119202,0
Ok,18-09-2025 10:40:00,1758172200,375.60,376.00,375.60,376.00,377.01,871,0,117608,0
Ok,18-09-2025 10:35:00,1758171900,375.70,376.00,375.50,375.90,375.67,1027,0,116737,0
Ok,18-09-2025 10:30:00,1758171600,375.65,375.70,375.30,375.55,375.67,517,0,115710,0
Ok,18-09-2025 10:25:00,1758171300,376.15,376.15,375.65,375.65,375.67,649,0,115193,0
Ok,18-09-2025 10:20:00,1758171000,375.35,375.80,375.30,375.80,375.67,581,0,114544,0
Ok,18-09-2025 10:15:00,1758170700,373.60,375.35,373.60,375.35,374.95,23000,0,113963,0
Ok,18-09-2025 10:10:00,1758170400,374.65,374.65,373.95,373.95,374.13,531,0,90963,0
Ok,18-09-2025 10:05:00,1758170100,374.20,375.15,374.00,375.15,374.50,1960,0,90432,0
Ok,18-09-2025 10:00:00,1758169800,374.35,374.50,373.75,374.50,374.33,566,0,88472,0
Ok,18-09-2025 09:55:00,1758169500,374.65,374.70,374.35,374.40,374.47,1216,0,87906,0
Ok,18-09-2025 09:50:00,1758169200,376.05,376.35,374.35,374.65,375.34,8256,0,86690,0
Ok,18-09-2025 09:45:00,1758168900,375.00,377.60,375.00,376.00,377.04,29930,0,78434,0
Ok,18-09-2025 09:40:00,1758168600,374.75,376.00,374.20,375.25,375.44,3621,0,48504,0
Ok,18-09-2025 09:35:00,1758168300,374.55,375.35,374.55,375.00,375.08,1893,0,44883,0
Ok,18-09-2025 09:30:00,1758168000,375.15,376.90,373.85,374.95,375.17,2827,0,42990,0
Ok,18-09-2025 09:25:00,1758167700,375.00,375.75,373.50,375.75,375.11,4941,0,40163,0
Ok,18-09-2025 09:20:00,1758167400,373.50,377.10,372.50,375.10,375.21,11827,0,35222,0
Ok,18-09-2025 09:15:00,1758167100,375.00,376.80,373.00,373.60,375.42,23395,0,23395,0
