stat,time,ssboe,into,inth,intl,intc,intvwap,intv,intoi,v,oi
Ok,18-09-2025 15:10:00,1758188400,285.71,285.99,285.69,285.87,285.12,2412,0,553297,0
Ok,18-09-2025 15:05:00,1758188100,285.90,285.95,285.69,285.69,286.80,3252,0,550885,0
Ok,18-09-2025 15:00:00,1758187800,285.83,286.00,285.69,285.69,285.11,5278,0,547633,0
Ok,18-09-2025 14:55:00,1758187500,285.76,286.39,285.40,286.00,285.86,7084,0,542355,0
Ok,18-09-2025 14:50:00,1758187200,285.77,285.99,285.33,285.50,287.88,1913,0,535271,0
Ok,18-09-2025 14:45:00,1758186900,285.33,286.39,285.33,285.95,285.59,10241,0,533358,0
Ok,18-09-2025 14:40:00,1758186600,285.81,286.38,285.01,285.59,285.90,18242,0,523117,0
Ok,18-09-2025 14:35:00,1758186300,286.16,286.16,285.51,285.59,285.80,6596,0,504875,0
Ok,18-09-2025 14:30:00,1758186000,286.05,286.84,285.64,286.17,286.19,12560,0,498279,0
Ok,18-09-2025 14:25:00,1758185700,285.11,286.15,285.05,286.15,285.01,5810,0,485719,0
Ok,18-09-2025 14:20:00,1758185400,285.35,285.77,285.07,285.42,285.45,10408,0,479909,0
Ok,18-09-2025 14:15:00,1758185100,284.54,286.55,284.39,285.49,286.33,49904,0,469501,0
Ok,18-09-2025 14:10:00,1758184800,284.55,284.55,284.39,284.40,284.84,2590,0,419597,0
Ok,18-09-2025 14:05:00,1758184500,284.58,284.87,284.40,284.41,284.84,2565,0,417007,0
Ok,18-09-2025 14:00:00,1758184200,284.78,284.78,284.58,284.58,284.84,631,0,414442,0
Ok,18-09-2025 13:55:00,1758183900,284.94,285.00,284.43,284.43,284.84,2682,0,413811,0
Ok,18-09-2025 13:50:00,1758183600,284.20,284.69,284.00,284.69,284.08,5375,0,411129,0
Ok,18-09-2025 13:45:00,1758183300,284.20,284.36,284.15,284.15,284.23,6531,0,405754,0
Ok,18-09-2025 13:40:00,1758183000,284.50,284.79,284.35,284.36,284.30,7126,0,399223,0
Ok,18-09-2025 13:35:00,1758182700,284.54,284.77,284.54,284.54,284.87,259,0,392097,0
Ok,18-09-2025 13:30:00,1758182400,284.60,284.90,284.54,284.54,284.87,3160,0,391838,0
Ok,18-09-2025 13:25:00,1758182100,284.99,284.99,284.54,284.55,284.87,836,0,388678,0
Ok,18-09-2025 13:20:00,1758181800,285.39,285.39,284.72,284.72,284.87,1522,0,387842,0
Ok,18-09-2025 13:15:00,1758181500,284.55,284.91,284.55,284.91,284.87,723,0,386320,0
Ok,18-09-2025 13:10:00,1758181200,284.55,284.79,284.55,284.56,284.87,727,0,385597,0
Ok,18-09-2025 13:05:00,1758180900,284.55,284.85,284.55,284.56,284.87,1498,0,384870,0
Ok,18-09-2025 13:00:00,1758180600,285.13,285.18,284.55,284.81,284.87,6807,0,383372,0
Ok,18-09-2025 12:55:00,1758180300,285.26,285.53,284.81,285.42,284.87,4950,0,376565,0
Ok,18-09-2025 12:50:00,1758180000,284.53,285.78,284.53,285.32,285.51,5622,0,371615,0
Ok,18-09-2025 12:45:00,1758179700,284.62,284.62,284.53,284.53,284.86,1426,0,365993,0
Ok,18-09-2025 12:40:00,1758179400,284.98,285.32,284.50,284.50,284.86,5604,0,364567,0
Ok,18-09-2025 12:35:00,1758179100,285.02,285.20,284.79,284.98,284.86,5077,0,358963,0
Ok,18-09-2025 12:30:00,1758178800,285.05,285.30,285.00,285.00,284.86,3558,0,353886,0
Ok,18-09-2025 12:25:00,1758178500,285.14,285.31,284.91,285.09,284.86,3955,0,350328,0
Ok,18-09-2025 12:20:00,1758178200,284.88,285.01,284.56,285.01,284.86,7536,0,346373,0
Ok,18-09-2025 12:15:00,1758177900,285.00,285.12,284.85,285.00,284.86,2537,0,338837,0
Ok,18-09-2025 12:10:00,1758177600,285.14,285.14,284.91,284.92,284.86,2972,0,336300,0
Ok,18-09-2025 12:05:00,1758177300,285.15,285.45,285.15,285.45,287.13,1460,0,333328,0
Ok,18-09-2025 12:00:00,1758177000,284.99,285.25,284.95,285.13,284.85,2512,0,331868,0
Ok,18-09-2025 11:55:00,1758176700,284.91,285.25,284.79,284.84,284.85,4018,0,329356,0
Ok,18-09-2025 11:50:00,1758176400,284.70,285.14,284.70,285.12,284.85,3804,0,325338,0
Ok,18-09-2025 11:45:00,1758176100,284.56,284.92,284.56,284.56,284.85,2702,0,321534,0
Ok,18-09-2025 11:40:00,1758175800,285.40,285.46,284.80,284.80,285.23,7971,0,318832,0
Ok,18-09-2025 11:35:00,1758175500,285.35,285.50,285.21,285.46,284.84,1265,0,310861,0
Ok,18-09-2025 11:30:00,1758175200,285.64,285.64,285.25,285.25,285.43,5070,0,309596,0
Ok,18-09-2025 11:25:00,1758174900,285.89,286.08,285.50,285.63,285.50,4462,0,304526,0
Ok,18-09-2025 11:20:00,1758174600,285.99,286.18,285.68,286.00,285.96,5155,0,300064,0
Ok,18-09-2025 11:15:00,1758174300,286.73,286.90,285.76,285.92,286.34,12723,0,294909,0
Ok,18-09-2025 11:10:00,1758174000,285.18,286.51,285.02,286.51,285.86,27019,0,282186,0
Ok,18-09-2025 11:05:00,1758173700,284.08,286.11,283.90,285.26,285.29,23498,0,255167,0
Ok,18-09-2025 11:00:00,1758173400,284.24,284.24,283.95,284.07,284.54,1668,0,231669,0
Ok,18-09-2025 10:55:00,1758173100,284.00,284.42,284.00,284.15,283.69,2684,0,230001,0
Ok,18-09-2025 10:50:00,1758172800,284.40,284.40,284.00,284.23,284.55,3864,0,227317,0
Ok,18-09-2025 10:45:00,1758172500,284.77,284.98,284.30,284.30,284.30,9003,0,223453,0
Ok,18-09-2025 10:40:00,1758172200,285.24,285.24,284.70,284.70,285.42,2438,0,214450,0
Ok,18-09-2025 10:35:00,1758171900,285.00,285.19,284.82,285.15,284.55,2574,0,212012,0
Ok,18-09-2025 10:30:00,1758171600,285.02,285.44,285.00,285.00,285.30,8017,0,209438,0
Ok,18-09-2025 10:25:00,1758171300,284.53,284.95,284.51,284.75,284.52,2973,0,201421,0
Ok,18-09-2025 10:20:00,1758171000,284.55,285.06,284.24,284.60,284.76,7781,0,198448,0
Ok,18-09-2025 10:15:00,1758170700,284.64,284.72,284.37,284.37,284.51,2653,0,190667,0
Ok,18-09-2025 10:10:00,1758170400,285.12,285.30,284.50,284.67,284.78,6588,0,188014,0
Ok,18-09-2025 10:05:00,1758170100,284.50,285.50,284.38,285.30,284.99,7074,0,181426,0
Ok,18-09-2025 10:00:00,1758169800,284.82,285.75,284.31,284.70,285.08,17894,0,174352,0
Ok,18-09-2025 09:55:00,1758169500,285.05,285.29,284.61,284.65,284.82,7146,0,156458,0
Ok,18-09-2025 09:50:00,1758169200,285.05,285.50,284.45,285.29,285.29,17416,0,149312,0
Ok,18-09-2025 09:45:00,1758168900,284.19,285.48,284.01,285.13,284.77,11909,0,131896,0
Ok,18-09-2025 09:40:00,1758168600,283.55,284.24,283.55,284.16,283.85,9144,0,119987,0
Ok,18-09-2025 09:35:00,1758168300,283.95,284.21,283.50,283.50,283.81,2526,0,110843,0
Ok,18-09-2025 09:30:00,1758168000,284.58,284.70,283.75,284.31,284.26,13309,0,108317,0
Ok,18-09-2025 09:25:00,1758167700,282.50,287.64,282.50,284.67,285.13,62815,0,95008,0
Ok,18-09-2025 09:20:00,1758167400,281.87,283.40,281.87,282.40,282.53,13102,0,32193,0
Ok,18-09-2025 09:15:00,1758167100,282.55,283.49,282.00,282.50,282.51,19091,0,19091,0
