stat,time,ssboe,into,inth,intl,intc,intvwap,intv,intoi,v,oi
Ok,19-09-2025 15:25:00,1758275700,138.68,138.68,138.55,138.68,138.66,5022,0,214999,0
Ok,19-09-2025 15:20:00,1758275400,138.66,138.69,138.50,138.52,138.66,3134,0,209977,0
Ok,19-09-2025 15:15:00,1758275100,138.60,138.70,138.51,138.69,138.66,6982,0,206843,0
Ok,19-09-2025 15:10:00,1758274800,138.50,138.58,138.40,138.58,138.66,1228,0,199861,0
Ok,19-09-2025 15:05:00,1758274500,138.59,138.60,138.25,138.36,138.66,1754,0,198633,0
Ok,19-09-2025 15:00:00,1758274200,138.95,138.95,138.60,138.60,138.66,717,0,196879,0
Ok,19-09-2025 14:55:00,1758273900,139.00,139.00,138.58,138.99,138.66,404,0,196162,0
Ok,19-09-2025 14:50:00,1758273600,138.98,139.00,138.56,138.60,138.66,806,0,195758,0
Ok,19-09-2025 14:45:00,1758273300,138.90,139.00,138.75,138.98,138.66,617,0,194952,0
Ok,19-09-2025 14:40:00,1758273000,138.82,138.89,138.82,138.89,139.14,3938,0,194335,0
Ok,19-09-2025 14:35:00,1758272700,138.82,138.82,138.78,138.82,138.65,1160,0,190397,0
Ok,19-09-2025 14:30:00,1758272400,138.82,138.82,138.79,138.82,138.65,810,0,189237,0
Ok,19-09-2025 14:25:00,1758272100,138.77,138.82,138.77,138.82,138.65,547,0,188427,0
Ok,19-09-2025 14:20:00,1758271800,138.82,138.82,138.80,138.82,138.65,338,0,187880,0
Ok,19-09-2025 14:15:00,1758271500,138.89,138.89,138.82,138.82,138.65,29,0,187542,0
Ok,19-09-2025 14:10:00,1758271200,138.78,138.89,138.78,138.89,138.65,1508,0,187513,0
Ok,19-09-2025 14:05:00,1758270900,138.88,138.88,138.77,138.77,138.65,390,0,186005,0
Ok,19-09-2025 14:00:00,1758270600,138.85,138.90,138.85,138.88,138.65,252,0,185615,0
Ok,19-09-2025 13:55:00,1758270300,138.71,138.84,138.71,138.84,138.65,467,0,185363,0
Ok,19-09-2025 13:50:00,1758270000,138.78,138.84,138.70,138.84,138.65,1015,0,184896,0
Ok,19-09-2025 13:45:00,1758269700,138.74,138.74,138.73,138.74,138.65,166,0,183881,0
Ok,19-09-2025 13:40:00,1758269400,138.72,138.75,138.72,138.75,138.65,133,0,183715,0
Ok,19-09-2025 13:35:00,1758269100,138.75,138.76,138.72,138.72,138.65,403,0,183582,0
Ok,19-09-2025 13:30:00,1758268800,138.74,138.75,138.66,138.66,138.65,2932,0,183179,0
Ok,19-09-2025 13:25:00,1758268500,138.75,138.75,138.70,138.70,138.65,1358,0,180247,0
Ok,19-09-2025 13:20:00,1758268200,138.75,138.75,138.75,138.75,138.65,251,0,178889,0
Ok,19-09-2025 13:15:00,1758267900,138.75,138.75,138.75,138.75,138.65,75,0,178638,0
Ok,19-09-2025 13:10:00,1758267600,138.75,138.75,138.74,138.75,138.65,245,0,178563,0
Ok,19-09-2025 13:05:00,1758267300,138.75,138.75,138.74,138.75,138.65,178,0,178318,0
Ok,19-09-2025 13:00:00,1758267000,138.72,138.72,138.58,138.61,138.65,610,0,178140,0
Ok,19-09-2025 12:55:00,1758266700,138.53,138.71,138.53,138.56,138.65,359,0,177530,0
Ok,19-09-2025 12:50:00,1758266400,138.60,138.72,138.50,138.60,138.65,609,0,177171,0
Ok,19-09-2025 12:45:00,1758266100,138.69,138.73,138.53,138.67,138.65,608,0,176562,0
Ok,19-09-2025 12:40:00,1758265800,138.71,138.71,138.53,138.69,138.65,1042,0,175954,0
Ok,19-09-2025 12:35:00,1758265500,138.64,138.68,138.55,138.68,138.65,1022,0,174912,0
Ok,19-09-2025 12:30:00,1758265200,138.61,138.64,138.56,138.64,138.65,243,0,173890,0
Ok,19-09-2025 12:25:00,1758264900,138.58,138.61,138.54,138.61,138.65,2464,0,173647,0
Ok,19-09-2025 12:20:00,1758264600,138.59,138.73,138.57,138.61,138.65,5568,0,171183,0
Ok,19-09-2025 12:15:00,1758264300,138.51,138.59,138.50,138.59,138.65,603,0,165615,0
Ok,19-09-2025 12:10:00,1758264000,138.58,138.71,138.58,138.61,138.65,2085,0,165012,0
Ok,19-09-2025 12:05:00,1758263700,138.55,138.58,138.55,138.58,138.65,677,0,162927,0
Ok,19-09-2025 12:00:00,1758263400,138.56,138.64,138.50,138.50,137.81,1932,0,162250,0
Ok,19-09-2025 11:55:00,1758263100,138.66,138.68,138.62,138.64,138.66,447,0,160318,0
Ok,19-09-2025 11:50:00,1758262800,138.63,138.66,138.58,138.66,138.63,44321,0,159871,0
Ok,19-09-2025 11:45:00,1758262500,138.68,138.72,138.61,138.61,138.67,2227,0,115550,0
Ok,19-09-2025 11:40:00,1758262200,138.72,138.72,138.64,138.68,138.67,1434,0,113323,0
Ok,19-09-2025 11:35:00,1758261900,138.72,138.72,138.64,138.71,138.67,105,0,111889,0
Ok,19-09-2025 11:30:00,1758261600,138.71,138.72,138.64,138.72,138.67,418,0,111784,0
Ok,19-09-2025 11:25:00,1758261300,138.69,138.73,138.62,138.72,138.67,85,0,111366,0
Ok,19-09-2025 11:20:00,1758261000,138.67,138.71,138.62,138.71,138.67,669,0,111281,0
Ok,19-09-2025 11:15:00,1758260700,138.56,138.67,138.56,138.64,138.67,550,0,110612,0
Ok,19-09-2025 11:10:00,1758260400,138.68,138.69,138.53,138.56,138.67,762,0,110062,0
Ok,19-09-2025 11:05:00,1758260100,138.68,138.74,138.57,138.68,138.67,98,0,109300,0
Ok,19-09-2025 11:00:00,1758259800,138.65,138.71,138.52,138.53,138.67,807,0,109202,0
Ok,19-09-2025 10:55:00,1758259500,138.55,138.65,138.55,138.60,138.67,621,0,108395,0
Ok,19-09-2025 10:50:00,1758259200,138.56,138.71,138.54,138.54,138.67,853,0,107774,0
Ok,19-09-2025 10:45:00,1758258900,138.70,138.70,138.53,138.53,138.67,990,0,106921,0
Ok,19-09-2025 10:40:00,1758258600,138.68,138.70,138.52,138.70,138.68,72770,0,105931,0
Ok,19-09-2025 10:35:00,1758258300,138.51,138.68,138.51,138.55,138.62,492,0,33161,0
Ok,19-09-2025 10:30:00,1758258000,138.67,138.70,138.51,138.51,138.62,927,0,32669,0
Ok,19-09-2025 10:25:00,1758257700,138.61,138.68,138.51,138.68,138.62,357,0,31742,0
Ok,19-09-2025 10:20:00,1758257400,138.61,138.61,138.48,138.49,138.62,1635,0,31385,0
Ok,19-09-2025 10:15:00,1758257100,138.63,138.63,138.51,138.61,138.62,1650,0,29750,0
Ok,19-09-2025 10:10:00,1758256800,138.64,138.66,138.51,138.64,138.34,995,0,28100,0
Ok,19-09-2025 10:05:00,1758256500,138.58,138.68,138.50,138.64,138.63,1765,0,27105,0
Ok,19-09-2025 10:00:00,1758256200,138.56,138.58,138.36,138.50,138.42,2263,0,25340,0
Ok,19-09-2025 09:55:00,1758255900,138.69,138.69,138.55,138.55,138.65,3707,0,23077,0
Ok,19-09-2025 09:50:00,1758255600,138.71,138.72,138.57,138.69,138.65,1313,0,19370,0
Ok,19-09-2025 09:45:00,1758255300,138.65,138.73,138.55,138.69,138.65,5605,0,18057,0
Ok,19-09-2025 09:40:00,1758255000,138.50,138.65,138.50,138.64,138.65,754,0,12452,0
Ok,19-09-2025 09:35:00,1758254700,138.61,138.64,138.49,138.50,138.52,3382,0,11698,0
Ok,19-09-2025 09:30:00,1758254400,138.73,138.73,138.50,138.64,138.61,1577,0,8316,0
Ok,19-09-2025 09:25:00,1758254100,138.67,138.77,138.59,138.63,138.63,2230,0,6739,0
Ok,19-09-2025 09:20:00,1758253800,138.80,138.86,138.54,138.68,138.71,2956,0,4509,0
Ok,19-09-2025 09:15:00,1758253500,139.57,139.57,138.60,138.73,138.83,1553,0,1553,0
