stat,time,ssboe,into,inth,intl,intc,intvwap,intv,intoi,v,oi
Ok,19-09-2025 15:25:00,1758275700,734.70,735.00,730.50,733.90,733.18,4072,0,89213,0
Ok,19-09-2025 15:20:00,1758275400,733.45,733.90,732.10,733.55,733.69,3992,0,85141,0
Ok,19-09-2025 15:15:00,1758275100,732.45,733.90,731.35,733.90,733.26,4421,0,81149,0
Ok,19-09-2025 15:10:00,1758274800,732.00,733.65,731.60,732.50,732.04,5450,0,76728,0
Ok,19-09-2025 15:05:00,1758274500,729.00,731.50,727.55,731.10,729.53,6524,0,71278,0
Ok,19-09-2025 15:00:00,1758274200,723.90,729.25,723.90,728.05,727.47,4508,0,64754,0
Ok,19-09-2025 14:55:00,1758273900,724.25,724.40,723.60,723.95,724.17,514,0,60246,0
Ok,19-09-2025 14:50:00,1758273600,723.85,724.30,723.80,723.80,724.17,100,0,59732,0
Ok,19-09-2025 14:45:00,1758273300,724.10,724.60,723.85,723.85,724.17,170,0,59632,0
Ok,19-09-2025 14:40:00,1758273000,724.00,724.25,723.80,723.80,724.17,1169,0,59462,0
Ok,19-09-2025 14:35:00,1758272700,724.25,724.25,723.50,723.50,724.17,139,0,58293,0
Ok,19-09-2025 14:30:00,1758272400,723.90,724.00,723.75,723.75,723.75,2704,0,58154,0
Ok,19-09-2025 14:25:00,1758272100,723.80,723.90,723.50,723.90,720.55,152,0,55450,0
Ok,19-09-2025 14:20:00,1758271800,723.90,724.00,723.50,723.90,724.20,514,0,55298,0
Ok,19-09-2025 14:15:00,1758271500,723.90,724.00,723.85,724.00,724.20,357,0,54784,0
Ok,19-09-2025 14:10:00,1758271200,723.75,724.45,723.50,723.50,723.64,1891,0,54427,0
Ok,19-09-2025 14:05:00,1758270900,723.95,724.55,723.50,724.00,723.62,14166,0,52536,0
Ok,19-09-2025 14:00:00,1758270600,723.70,723.70,723.70,723.70,723.27,328,0,38370,0
Ok,19-09-2025 13:55:00,1758270300,723.65,723.70,723.65,723.70,723.44,376,0,38042,0
Ok,19-09-2025 13:50:00,1758270000,723.00,723.00,723.00,723.00,724.46,15,0,37666,0
Ok,19-09-2025 13:45:00,1758269700,723.70,723.70,723.00,723.00,723.51,1546,0,37651,0
Ok,19-09-2025 13:40:00,1758269400,723.00,724.00,723.00,723.70,723.92,621,0,36105,0
Ok,19-09-2025 13:35:00,1758269100,723.35,724.00,723.00,723.05,723.79,488,0,35484,0
Ok,19-09-2025 13:30:00,1758268800,723.95,723.95,723.30,723.30,723.41,1227,0,34996,0
Ok,19-09-2025 13:25:00,1758268500,724.00,724.00,723.50,723.50,723.77,1641,0,33769,0
Ok,19-09-2025 13:20:00,1758268200,724.40,724.40,723.15,723.20,724.60,123,0,32128,0
Ok,19-09-2025 13:15:00,1758267900,723.05,724.45,723.05,724.40,724.60,703,0,32005,0
Ok,19-09-2025 13:10:00,1758267600,723.65,723.70,723.00,723.05,720.00,68,0,31302,0
Ok,19-09-2025 13:05:00,1758267300,722.85,723.65,722.85,723.65,724.61,44,0,31234,0
Ok,19-09-2025 13:00:00,1758267000,723.00,723.20,722.80,722.80,723.02,956,0,31190,0
Ok,19-09-2025 12:55:00,1758266700,723.00,723.00,722.60,723.00,723.30,222,0,30234,0
Ok,19-09-2025 12:50:00,1758266400,722.60,723.00,722.60,723.00,722.68,447,0,30012,0
Ok,19-09-2025 12:45:00,1758266100,722.85,723.00,722.60,723.00,722.53,271,0,29565,0
Ok,19-09-2025 12:40:00,1758265800,723.05,723.95,722.60,722.85,722.95,2572,0,29294,0
Ok,19-09-2025 12:35:00,1758265500,723.70,723.70,723.30,723.30,724.89,36,0,26722,0
Ok,19-09-2025 12:30:00,1758265200,723.45,723.70,723.10,723.70,723.22,781,0,26686,0
Ok,19-09-2025 12:25:00,1758264900,723.35,723.90,723.35,723.45,724.94,121,0,25905,0
Ok,19-09-2025 12:20:00,1758264600,723.05,723.95,723.05,723.80,722.10,270,0,25784,0
Ok,19-09-2025 12:15:00,1758264300,723.55,724.25,723.55,723.75,724.97,20,0,25514,0
Ok,19-09-2025 12:10:00,1758264000,724.25,724.30,723.20,723.55,724.07,283,0,25494,0
Ok,19-09-2025 12:05:00,1758263700,724.10,724.25,723.25,724.25,724.44,465,0,25211,0
Ok,19-09-2025 12:00:00,1758263400,723.30,724.10,723.25,724.10,724.09,273,0,24746,0
Ok,19-09-2025 11:55:00,1758263100,724.35,724.35,723.50,723.50,722.34,92,0,24473,0
Ok,19-09-2025 11:50:00,1758262800,723.70,724.35,723.70,724.35,723.42,153,0,24381,0
Ok,19-09-2025 11:45:00,1758262500,723.25,724.00,723.25,724.00,723.84,607,0,24228,0
Ok,19-09-2025 11:40:00,1758262200,723.75,723.85,723.30,723.85,721.30,63,0,23621,0
Ok,19-09-2025 11:35:00,1758261900,723.90,723.90,723.50,723.50,725.06,126,0,23558,0
Ok,19-09-2025 11:30:00,1758261600,723.45,723.95,723.00,723.70,722.96,222,0,23432,0
Ok,19-09-2025 11:25:00,1758261300,724.00,724.00,723.45,723.45,725.08,49,0,23210,0
Ok,19-09-2025 11:20:00,1758261000,723.50,724.00,723.45,724.00,723.30,259,0,23161,0
Ok,19-09-2025 11:15:00,1758260700,724.00,724.00,723.45,723.50,722.79,197,0,22902,0
Ok,19-09-2025 11:10:00,1758260400,723.95,724.65,723.45,724.00,725.12,168,0,22705,0
Ok,19-09-2025 11:05:00,1758260100,723.15,723.60,722.80,723.45,722.90,400,0,22537,0
Ok,19-09-2025 11:00:00,1758259800,724.80,724.80,723.00,723.00,724.22,694,0,22137,0
Ok,19-09-2025 10:55:00,1758259500,725.00,725.00,724.45,724.80,724.33,250,0,21443,0
Ok,19-09-2025 10:50:00,1758259200,724.95,725.00,724.95,725.00,725.20,9,0,21193,0
Ok,19-09-2025 10:45:00,1758258900,725.20,725.45,724.45,724.95,725.20,326,0,21184,0
Ok,19-09-2025 10:40:00,1758258600,725.70,725.70,724.15,725.20,724.96,861,0,20858,0
Ok,19-09-2025 10:35:00,1758258300,725.65,725.70,725.15,725.15,725.21,83,0,19997,0
Ok,19-09-2025 10:30:00,1758258000,725.15,725.90,724.80,725.00,725.62,1333,0,19914,0
Ok,19-09-2025 10:25:00,1758257700,726.40,726.40,725.50,726.15,725.18,306,0,18581,0
Ok,19-09-2025 10:20:00,1758257400,725.30,726.40,725.05,726.40,725.18,112,0,18275,0
Ok,19-09-2025 10:15:00,1758257100,726.45,726.60,725.20,725.30,726.19,848,0,18163,0
Ok,19-09-2025 10:10:00,1758256800,724.30,726.00,724.05,726.00,725.67,889,0,17315,0
Ok,19-09-2025 10:05:00,1758256500,724.65,725.45,724.50,725.20,724.49,268,0,16426,0
Ok,19-09-2025 10:00:00,1758256200,724.05,724.70,722.15,724.70,723.43,1877,0,16158,0
Ok,19-09-2025 09:55:00,1758255900,728.95,728.95,724.05,724.05,725.61,3639,0,14281,0
Ok,19-09-2025 09:50:00,1758255600,726.20,728.45,725.40,727.60,727.15,767,0,10642,0
Ok,19-09-2025 09:45:00,1758255300,725.00,726.20,724.35,726.20,725.00,1144,0,9875,0
Ok,19-09-2025 09:40:00,1758255000,725.50,725.90,724.00,724.85,724.68,1454,0,8731,0
Ok,19-09-2025 09:35:00,1758254700,724.05,726.25,724.05,726.05,724.80,556,0,7277,0
Ok,19-09-2025 09:30:00,1758254400,727.00,727.00,724.75,725.00,725.19,287,0,6721,0
Ok,19-09-2025 09:25:00,1758254100,726.45,727.40,725.45,726.35,726.34,562,0,6434,0
Ok,19-09-2025 09:20:00,1758253800,724.50,726.90,723.45,726.30,724.79,2301,0,5872,0
Ok,19-09-2025 09:15:00,1758253500,725.55,727.90,724.50,724.55,725.27,3571,0,3571,0
