stat,time,ssboe,into,inth,intl,intc,intvwap,intv,intoi,v,oi
Ok,19-09-2025 15:25:00,1758275700,453.30,453.65,452.85,453.40,453.30,148628,0,2188808,0
Ok,19-09-2025 15:20:00,1758275400,453.15,453.20,453.10,453.15,453.27,117920,0,2040180,0
Ok,19-09-2025 15:15:00,1758275100,452.90,453.40,452.90,453.20,453.04,125170,0,1922260,0
Ok,19-09-2025 15:10:00,1758274800,452.90,453.00,452.85,452.95,452.99,149958,0,1797090,0
Ok,19-09-2025 15:05:00,1758274500,452.75,453.00,452.70,452.95,452.89,94428,0,1647132,0
Ok,19-09-2025 15:00:00,1758274200,452.95,452.95,452.40,452.70,452.65,116358,0,1552704,0
Ok,19-09-2025 14:55:00,1758273900,453.10,453.25,453.05,453.10,453.47,36143,0,1436346,0
Ok,19-09-2025 14:50:00,1758273600,453.05,453.10,453.00,453.05,452.75,36812,0,1400203,0
Ok,19-09-2025 14:45:00,1758273300,452.95,453.20,452.95,453.10,453.18,37012,0,1363391,0
Ok,19-09-2025 14:40:00,1758273000,453.00,453.00,452.95,453.00,452.95,26988,0,1326379,0
Ok,19-09-2025 14:35:00,1758272700,453.30,453.50,452.80,452.95,453.00,40559,0,1299391,0
Ok,19-09-2025 14:30:00,1758272400,453.00,453.45,452.80,453.45,453.37,20793,0,1258832,0
Ok,19-09-2025 14:25:00,1758272100,453.85,454.00,452.80,452.95,453.33,55030,0,1238039,0
Ok,19-09-2025 14:20:00,1758271800,454.05,454.30,453.50,453.90,454.01,25970,0,1183009,0
Ok,19-09-2025 14:15:00,1758271500,454.00,454.50,453.85,454.00,454.01,14851,0,1157039,0
Ok,19-09-2025 14:10:00,1758271200,453.95,454.55,453.85,454.10,454.01,21724,0,1142188,0
Ok,19-09-2025 14:05:00,1758270900,453.75,454.00,453.10,454.00,454.01,21450,0,1120464,0
Ok,19-09-2025 14:00:00,1758270600,452.90,454.00,452.85,453.80,453.09,164475,0,1099014,0
Ok,19-09-2025 13:55:00,1758270300,453.00,453.00,452.60,452.85,452.87,21282,0,934539,0
Ok,19-09-2025 13:50:00,1758270000,452.85,453.00,452.70,452.85,454.20,1901,0,913257,0
Ok,19-09-2025 13:45:00,1758269700,452.70,453.00,452.65,453.00,451.96,4066,0,911356,0
Ok,19-09-2025 13:40:00,1758269400,452.85,452.95,452.60,452.90,453.19,8878,0,907290,0
Ok,19-09-2025 13:35:00,1758269100,453.00,453.00,452.40,452.50,452.76,6132,0,898412,0
Ok,19-09-2025 13:30:00,1758268800,453.00,453.00,452.85,452.85,452.90,26270,0,892280,0
Ok,19-09-2025 13:25:00,1758268500,452.75,453.00,452.55,452.85,452.54,9957,0,866010,0
Ok,19-09-2025 13:20:00,1758268200,452.95,452.95,452.60,452.65,453.12,7301,0,856053,0
Ok,19-09-2025 13:15:00,1758267900,452.80,452.95,452.70,452.80,452.36,8689,0,848752,0
Ok,19-09-2025 13:10:00,1758267600,452.85,452.95,452.60,452.95,452.70,5176,0,840063,0
Ok,19-09-2025 13:05:00,1758267300,453.60,453.80,452.40,452.75,453.10,32946,0,834887,0
Ok,19-09-2025 13:00:00,1758267000,453.50,453.95,453.30,453.55,453.64,10767,0,801941,0
Ok,19-09-2025 12:55:00,1758266700,452.55,453.45,452.45,453.45,453.16,12714,0,791174,0
Ok,19-09-2025 12:50:00,1758266400,452.20,452.55,452.05,452.50,451.49,5314,0,778460,0
Ok,19-09-2025 12:45:00,1758266100,452.55,452.55,452.05,452.05,452.97,5277,0,773146,0
Ok,19-09-2025 12:40:00,1758265800,452.30,452.65,452.30,452.50,452.43,3802,0,767869,0
Ok,19-09-2025 12:35:00,1758265500,452.25,452.40,452.20,452.40,450.46,1915,0,764067,0
Ok,19-09-2025 12:30:00,1758265200,452.50,452.50,452.05,452.40,452.45,14948,0,762152,0
Ok,19-09-2025 12:25:00,1758264900,452.75,452.80,452.30,452.30,453.21,5799,0,747204,0
Ok,19-09-2025 12:20:00,1758264600,452.80,452.95,452.65,452.70,452.43,3562,0,741405,0
Ok,19-09-2025 12:15:00,1758264300,452.90,452.95,452.60,452.95,451.63,5090,0,737843,0
Ok,19-09-2025 12:10:00,1758264000,452.75,453.00,452.75,452.80,453.26,16878,0,732753,0
Ok,19-09-2025 12:05:00,1758263700,452.65,453.30,452.60,452.85,452.85,43225,0,715875,0
Ok,19-09-2025 12:00:00,1758263400,452.90,452.95,452.40,452.60,452.64,9774,0,672650,0
Ok,19-09-2025 11:55:00,1758263100,452.85,452.90,452.60,452.85,453.36,4913,0,662876,0
Ok,19-09-2025 11:50:00,1758262800,452.70,452.95,452.40,452.75,453.33,4718,0,657963,0
Ok,19-09-2025 11:45:00,1758262500,452.85,452.95,452.25,452.65,452.45,32808,0,653245,0
Ok,19-09-2025 11:40:00,1758262200,452.85,453.35,452.60,452.75,452.92,36589,0,620437,0
Ok,19-09-2025 11:35:00,1758261900,452.85,453.00,452.50,452.80,452.70,12621,0,583848,0
Ok,19-09-2025 11:30:00,1758261600,452.95,453.00,452.75,453.00,452.74,4992,0,571227,0
Ok,19-09-2025 11:25:00,1758261300,452.95,453.50,452.80,453.00,453.05,76616,0,566235,0
Ok,19-09-2025 11:20:00,1758261000,452.85,452.95,452.60,452.90,452.67,7237,0,489619,0
Ok,19-09-2025 11:15:00,1758260700,453.20,453.40,452.50,452.70,453.03,32558,0,482382,0
Ok,19-09-2025 11:10:00,1758260400,453.20,453.45,453.05,453.10,452.94,8460,0,449824,0
Ok,19-09-2025 11:05:00,1758260100,453.40,453.55,453.10,453.30,453.41,7913,0,441364,0
Ok,19-09-2025 11:00:00,1758259800,454.00,454.20,453.25,453.55,453.86,18683,0,433451,0
Ok,19-09-2025 10:55:00,1758259500,454.20,454.40,454.00,454.20,454.11,12452,0,414768,0
Ok,19-09-2025 10:50:00,1758259200,454.60,454.65,454.10,454.10,454.39,5731,0,402316,0
Ok,19-09-2025 10:45:00,1758258900,454.65,454.75,454.25,454.65,454.44,14178,0,396585,0
Ok,19-09-2025 10:40:00,1758258600,454.65,455.00,454.40,454.75,454.51,11144,0,382407,0
Ok,19-09-2025 10:35:00,1758258300,454.65,454.70,454.25,454.70,454.61,16779,0,371263,0
Ok,19-09-2025 10:30:00,1758258000,455.65,455.65,454.50,454.50,455.07,7996,0,354484,0
Ok,19-09-2025 10:25:00,1758257700,455.75,455.80,455.40,455.40,455.43,12589,0,346488,0
Ok,19-09-2025 10:20:00,1758257400,455.00,455.80,454.80,455.50,455.23,12815,0,333899,0
Ok,19-09-2025 10:15:00,1758257100,455.75,455.90,455.00,455.30,455.23,26534,0,321084,0
Ok,19-09-2025 10:10:00,1758256800,455.75,456.15,455.50,455.65,455.76,8719,0,294550,0
Ok,19-09-2025 10:05:00,1758256500,456.20,456.70,455.70,455.70,456.10,11634,0,285831,0
Ok,19-09-2025 10:00:00,1758256200,455.60,456.10,455.00,456.10,455.62,35237,0,274197,0
Ok,19-09-2025 09:55:00,1758255900,455.95,456.05,455.50,455.50,455.78,11812,0,238960,0
Ok,19-09-2025 09:50:00,1758255600,457.00,457.10,455.75,455.75,456.18,15575,0,227148,0
Ok,19-09-2025 09:45:00,1758255300,457.05,457.50,456.75,457.10,457.10,18872,0,211573,0
Ok,19-09-2025 09:40:00,1758255000,456.15,457.80,456.00,457.25,456.90,24772,0,192701,0
Ok,19-09-2025 09:35:00,1758254700,455.80,456.35,455.45,456.00,455.98,17955,0,167929,0
Ok,19-09-2025 09:30:00,1758254400,456.95,456.95,455.30,455.35,456.19,18307,0,149974,0
Ok,19-09-2025 09:25:00,1758254100,455.85,457.00,455.85,456.70,456.47,24416,0,131667,0
Ok,19-09-2025 09:20:00,1758253800,454.90,456.45,454.55,456.05,455.49,31879,0,107251,0
Ok,19-09-2025 09:15:00,1758253500,455.90,457.45,454.85,455.25,455.96,75372,0,75372,0
