stat,time,ssboe,into,inth,intl,intc,intvwap,intv,intoi,v,oi
Ok,19-09-2025 15:25:00,1758275700,537.95,540.00,537.40,540.00,538.47,3292,0,61487,0
Ok,19-09-2025 15:20:00,1758275400,537.30,539.30,535.50,537.90,536.83,5932,0,58195,0
Ok,19-09-2025 15:15:00,1758275100,537.50,539.25,536.80,537.20,537.84,2614,0,52263,0
Ok,19-09-2025 15:10:00,1758274800,537.55,537.70,536.20,537.25,537.12,2548,0,49649,0
Ok,19-09-2025 15:05:00,1758274500,535.85,537.50,535.85,536.65,536.56,2251,0,47101,0
Ok,19-09-2025 15:00:00,1758274200,537.60,538.20,535.00,536.25,536.51,2545,0,44850,0
Ok,19-09-2025 14:55:00,1758273900,535.20,538.20,534.15,537.40,536.39,2925,0,42305,0
Ok,19-09-2025 14:50:00,1758273600,535.20,535.20,534.80,535.20,535.39,183,0,39380,0
Ok,19-09-2025 14:45:00,1758273300,535.00,535.75,534.65,535.20,535.39,615,0,39197,0
Ok,19-09-2025 14:40:00,1758273000,534.60,535.00,534.30,534.80,533.96,270,0,38582,0
Ok,19-09-2025 14:35:00,1758272700,533.90,535.00,533.55,534.50,534.14,897,0,38312,0
Ok,19-09-2025 14:30:00,1758272400,533.75,534.40,533.75,534.35,535.43,65,0,37415,0
Ok,19-09-2025 14:25:00,1758272100,533.75,533.80,533.35,533.60,533.63,207,0,37350,0
Ok,19-09-2025 14:20:00,1758271800,532.85,533.95,532.25,533.30,532.73,1200,0,37143,0
Ok,19-09-2025 14:15:00,1758271500,533.50,533.80,533.10,533.10,535.53,49,0,35943,0
Ok,19-09-2025 14:10:00,1758271200,533.60,533.80,533.40,533.80,535.53,31,0,35894,0
Ok,19-09-2025 14:05:00,1758270900,532.70,533.80,532.50,533.60,532.63,369,0,35863,0
Ok,19-09-2025 14:00:00,1758270600,532.45,533.25,532.25,533.25,533.05,559,0,35494,0
Ok,19-09-2025 13:55:00,1758270300,532.90,533.15,532.55,532.65,531.02,152,0,34935,0
Ok,19-09-2025 13:50:00,1758270000,532.25,532.85,532.25,532.85,532.89,127,0,34783,0
Ok,19-09-2025 13:45:00,1758269700,532.75,533.05,532.10,532.65,532.47,648,0,34656,0
Ok,19-09-2025 13:40:00,1758269400,532.50,533.25,532.35,533.25,533.54,315,0,34008,0
Ok,19-09-2025 13:35:00,1758269100,533.25,533.25,532.50,532.95,531.20,149,0,33693,0
Ok,19-09-2025 13:30:00,1758268800,533.00,533.25,533.00,533.00,535.73,25,0,33544,0
Ok,19-09-2025 13:25:00,1758268500,532.80,533.45,532.70,532.85,532.71,331,0,33519,0
Ok,19-09-2025 13:20:00,1758268200,532.95,534.55,532.50,533.55,533.98,2273,0,33188,0
Ok,19-09-2025 13:15:00,1758267900,532.80,533.35,532.50,532.70,533.68,140,0,30915,0
Ok,19-09-2025 13:10:00,1758267600,533.70,533.70,532.70,533.10,531.91,230,0,30775,0
Ok,19-09-2025 13:05:00,1758267300,533.20,533.60,532.80,532.95,533.31,461,0,30545,0
Ok,19-09-2025 13:00:00,1758267000,533.15,533.60,533.05,533.20,532.80,95,0,30084,0
Ok,19-09-2025 12:55:00,1758266700,533.70,533.70,533.10,533.65,535.98,73,0,29989,0
Ok,19-09-2025 12:50:00,1758266400,533.55,533.70,533.05,533.20,531.01,180,0,29916,0
Ok,19-09-2025 12:45:00,1758266100,534.05,534.05,533.10,533.10,536.01,66,0,29736,0
Ok,19-09-2025 12:40:00,1758265800,533.25,534.05,533.25,533.65,533.75,261,0,29670,0
Ok,19-09-2025 12:35:00,1758265500,534.05,534.25,533.25,533.25,534.96,275,0,29409,0
Ok,19-09-2025 12:30:00,1758265200,534.45,534.75,534.05,534.40,532.69,87,0,29134,0
Ok,19-09-2025 12:25:00,1758264900,534.40,534.50,534.20,534.20,536.05,40,0,29047,0
Ok,19-09-2025 12:20:00,1758264600,534.40,535.30,534.15,535.05,534.36,342,0,29007,0
Ok,19-09-2025 12:15:00,1758264300,535.00,535.35,534.15,534.60,536.07,125,0,28665,0
Ok,19-09-2025 12:10:00,1758264000,534.90,535.50,534.90,535.00,531.82,67,0,28540,0
Ok,19-09-2025 12:05:00,1758263700,534.95,535.40,534.65,535.40,536.08,100,0,28473,0
Ok,19-09-2025 12:00:00,1758263400,534.50,535.60,534.30,534.95,534.72,618,0,28373,0
Ok,19-09-2025 11:55:00,1758263100,534.30,535.65,534.25,534.70,535.32,1025,0,27755,0
Ok,19-09-2025 11:50:00,1758262800,535.00,535.00,534.20,534.25,534.38,302,0,26730,0
Ok,19-09-2025 11:45:00,1758262500,534.85,535.65,534.20,534.50,534.57,653,0,26428,0
Ok,19-09-2025 11:40:00,1758262200,534.85,535.15,534.50,535.15,536.20,66,0,25775,0
Ok,19-09-2025 11:35:00,1758261900,535.20,535.20,534.50,534.50,534.87,193,0,25709,0
Ok,19-09-2025 11:30:00,1758261600,534.15,535.75,534.15,535.65,535.46,338,0,25516,0
Ok,19-09-2025 11:25:00,1758261300,533.00,535.35,533.00,534.45,533.65,945,0,25178,0
Ok,19-09-2025 11:20:00,1758261000,533.70,533.95,532.95,532.95,532.83,207,0,24233,0
Ok,19-09-2025 11:15:00,1758260700,533.55,534.10,533.55,533.80,536.35,78,0,24026,0
Ok,19-09-2025 11:10:00,1758260400,533.10,534.00,533.10,534.00,533.16,224,0,23948,0
Ok,19-09-2025 11:05:00,1758260100,533.30,533.45,533.00,533.00,533.45,81,0,23724,0
Ok,19-09-2025 11:00:00,1758259800,534.00,534.00,533.40,533.40,533.66,173,0,23643,0
Ok,19-09-2025 10:55:00,1758259500,534.00,534.60,533.00,533.65,533.94,1091,0,23470,0
Ok,19-09-2025 10:50:00,1758259200,534.45,534.55,534.00,534.05,534.00,176,0,22379,0
Ok,19-09-2025 10:45:00,1758258900,534.60,534.60,534.40,534.45,534.36,201,0,22203,0
Ok,19-09-2025 10:40:00,1758258600,534.50,534.80,534.50,534.80,534.07,88,0,22002,0
Ok,19-09-2025 10:35:00,1758258300,534.80,534.85,533.80,534.55,533.93,800,0,21914,0
Ok,19-09-2025 10:30:00,1758258000,534.80,535.65,534.35,534.35,535.36,473,0,21114,0
Ok,19-09-2025 10:25:00,1758257700,535.20,535.35,534.30,535.35,534.99,1035,0,20641,0
Ok,19-09-2025 10:20:00,1758257400,534.90,535.20,534.90,535.20,534.08,72,0,19606,0
Ok,19-09-2025 10:15:00,1758257100,535.50,535.50,534.80,534.90,535.09,226,0,19534,0
Ok,19-09-2025 10:10:00,1758256800,535.25,535.50,535.25,535.50,535.68,167,0,19308,0
Ok,19-09-2025 10:05:00,1758256500,534.75,535.50,534.30,534.55,534.88,1696,0,19141,0
Ok,19-09-2025 10:00:00,1758256200,536.75,538.45,534.50,534.55,535.85,8239,0,17445,0
Ok,19-09-2025 09:55:00,1758255900,537.90,537.90,536.00,536.50,536.40,899,0,9206,0
Ok,19-09-2025 09:50:00,1758255600,538.05,538.40,537.10,537.95,537.61,595,0,8307,0
Ok,19-09-2025 09:45:00,1758255300,538.35,538.95,538.05,538.05,538.31,417,0,7712,0
Ok,19-09-2025 09:40:00,1758255000,538.80,539.15,537.65,538.80,538.30,433,0,7295,0
Ok,19-09-2025 09:35:00,1758254700,538.10,538.80,538.10,538.80,538.18,515,0,6862,0
Ok,19-09-2025 09:30:00,1758254400,538.50,538.90,537.55,537.70,537.96,638,0,6347,0
Ok,19-09-2025 09:25:00,1758254100,538.00,540.00,538.00,538.10,539.34,1731,0,5709,0
Ok,19-09-2025 09:20:00,1758253800,537.45,538.10,536.15,538.10,537.12,1856,0,3978,0
Ok,19-09-2025 09:15:00,1758253500,537.65,539.60,537.00,537.00,538.62,2122,0,2122,0
