stat,time,ssboe,into,inth,intl,intc,intvwap,intv,intoi,v,oi
Ok,19-09-2025 15:25:00,1758275700,112.35,112.39,112.01,112.20,112.21,13348,0,273970,0
Ok,19-09-2025 15:20:00,1758275400,112.26,112.39,112.26,112.39,112.41,11819,0,260622,0
Ok,19-09-2025 15:15:00,1758275100,112.33,112.35,112.02,112.30,112.20,13189,0,248803,0
Ok,19-09-2025 15:10:00,1758274800,112.39,112.40,112.12,112.35,112.32,17739,0,235614,0
Ok,19-09-2025 15:05:00,1758274500,112.40,112.40,112.23,112.35,112.42,8847,0,217875,0
Ok,19-09-2025 15:00:00,1758274200,112.00,112.35,111.91,112.31,112.18,10968,0,209028,0
Ok,19-09-2025 14:55:00,1758273900,112.00,112.03,111.91,112.03,112.18,2405,0,198060,0
Ok,19-09-2025 14:50:00,1758273600,111.95,111.99,111.81,111.99,112.18,798,0,195655,0
Ok,19-09-2025 14:45:00,1758273300,111.97,111.97,111.77,111.94,112.18,1568,0,194857,0
Ok,19-09-2025 14:40:00,1758273000,111.72,111.84,111.69,111.80,111.59,3282,0,193289,0
Ok,19-09-2025 14:35:00,1758272700,111.73,111.91,111.71,111.86,112.19,1341,0,190007,0
Ok,19-09-2025 14:30:00,1758272400,111.86,111.96,111.70,111.80,111.29,2100,0,188666,0
Ok,19-09-2025 14:25:00,1758272100,111.86,111.99,111.86,111.88,112.20,605,0,186566,0
Ok,19-09-2025 14:20:00,1758271800,111.99,111.99,111.86,111.86,112.20,1470,0,185961,0
Ok,19-09-2025 14:15:00,1758271500,111.90,111.99,111.90,111.99,112.20,43,0,184491,0
Ok,19-09-2025 14:10:00,1758271200,111.95,111.99,111.95,111.99,112.20,222,0,184448,0
Ok,19-09-2025 14:05:00,1758270900,111.90,111.99,111.90,111.99,112.20,170,0,184226,0
Ok,19-09-2025 14:00:00,1758270600,111.97,111.99,111.85,111.90,112.20,665,0,184056,0
Ok,19-09-2025 13:55:00,1758270300,111.98,111.98,111.83,111.83,111.51,2653,0,183391,0
Ok,19-09-2025 13:50:00,1758270000,111.99,111.99,111.90,111.90,112.21,775,0,180738,0
Ok,19-09-2025 13:45:00,1758269700,111.97,111.99,111.92,111.99,112.21,27,0,179963,0
Ok,19-09-2025 13:40:00,1758269400,111.97,111.99,111.92,111.97,112.21,1077,0,179936,0
Ok,19-09-2025 13:35:00,1758269100,112.00,112.00,112.00,112.00,112.21,50,0,178859,0
Ok,19-09-2025 13:30:00,1758268800,111.95,112.00,111.85,112.00,111.57,2786,0,178809,0
Ok,19-09-2025 13:25:00,1758268500,111.86,111.92,111.82,111.92,112.22,2179,0,176023,0
Ok,19-09-2025 13:20:00,1758268200,111.96,112.00,111.90,112.00,111.56,2635,0,173844,0
Ok,19-09-2025 13:15:00,1758267900,112.00,112.00,111.91,112.00,112.23,482,0,171209,0
Ok,19-09-2025 13:10:00,1758267600,111.90,112.00,111.90,111.94,112.23,769,0,170727,0
Ok,19-09-2025 13:05:00,1758267300,111.87,111.97,111.85,111.90,112.23,1034,0,169958,0
Ok,19-09-2025 13:00:00,1758267000,111.94,111.94,111.86,111.86,111.94,5654,0,168924,0
Ok,19-09-2025 12:55:00,1758266700,112.00,112.00,111.93,111.94,112.24,2353,0,163270,0
Ok,19-09-2025 12:50:00,1758266400,111.95,111.99,111.93,111.96,110.28,821,0,160917,0
Ok,19-09-2025 12:45:00,1758266100,112.06,112.06,111.94,111.94,112.25,858,0,160096,0
Ok,19-09-2025 12:40:00,1758265800,111.94,112.12,111.94,112.12,112.25,1014,0,159238,0
Ok,19-09-2025 12:35:00,1758265500,111.96,111.96,111.92,111.94,112.25,611,0,158224,0
Ok,19-09-2025 12:30:00,1758265200,111.96,112.12,111.95,112.12,112.25,1952,0,157613,0
Ok,19-09-2025 12:25:00,1758264900,111.93,112.33,111.93,111.96,112.00,6227,0,155661,0
Ok,19-09-2025 12:20:00,1758264600,112.05,112.14,111.96,112.00,112.26,512,0,149434,0
Ok,19-09-2025 12:15:00,1758264300,112.05,112.05,112.01,112.04,112.26,2354,0,148922,0
Ok,19-09-2025 12:10:00,1758264000,111.95,112.05,111.92,112.05,112.26,1531,0,146568,0
Ok,19-09-2025 12:05:00,1758263700,112.00,112.09,112.00,112.00,112.26,650,0,145037,0
Ok,19-09-2025 12:00:00,1758263400,112.00,112.11,112.00,112.10,112.26,519,0,144387,0
Ok,19-09-2025 11:55:00,1758263100,112.14,112.14,111.85,111.94,110.63,879,0,143868,0
Ok,19-09-2025 11:50:00,1758262800,111.90,112.33,111.80,112.14,112.08,7655,0,142989,0
Ok,19-09-2025 11:45:00,1758262500,112.20,112.20,111.97,111.97,112.28,97,0,135334,0
Ok,19-09-2025 11:40:00,1758262200,112.00,112.11,111.91,112.11,112.28,625,0,135237,0
Ok,19-09-2025 11:35:00,1758261900,111.98,112.02,111.92,112.00,112.28,926,0,134612,0
Ok,19-09-2025 11:30:00,1758261600,112.01,112.01,111.91,111.91,112.28,977,0,133686,0
Ok,19-09-2025 11:25:00,1758261300,112.00,112.03,111.90,112.02,111.83,2946,0,132709,0
Ok,19-09-2025 11:20:00,1758261000,112.00,112.03,111.90,111.90,111.89,6262,0,129763,0
Ok,19-09-2025 11:15:00,1758260700,112.19,112.19,112.03,112.03,112.31,256,0,123501,0
Ok,19-09-2025 11:10:00,1758260400,112.02,112.15,112.02,112.15,111.96,3531,0,123245,0
Ok,19-09-2025 11:05:00,1758260100,112.33,112.33,112.00,112.02,112.11,5760,0,119714,0
Ok,19-09-2025 11:00:00,1758259800,112.45,112.48,112.40,112.40,112.42,10450,0,113954,0
Ok,19-09-2025 10:55:00,1758259500,112.40,112.49,112.40,112.45,112.32,155,0,103504,0
Ok,19-09-2025 10:50:00,1758259200,112.35,112.40,112.25,112.40,112.32,984,0,103349,0
Ok,19-09-2025 10:45:00,1758258900,112.66,112.67,112.38,112.38,112.70,2535,0,102365,0
Ok,19-09-2025 10:40:00,1758258600,112.86,112.86,112.61,112.61,112.75,6236,0,99830,0
Ok,19-09-2025 10:35:00,1758258300,112.70,112.79,112.60,112.78,112.28,1424,0,93594,0
Ok,19-09-2025 10:30:00,1758258000,112.37,112.73,112.37,112.73,112.53,3398,0,92170,0
Ok,19-09-2025 10:25:00,1758257700,112.20,112.60,112.20,112.25,112.50,6872,0,88772,0
Ok,19-09-2025 10:20:00,1758257400,112.16,112.16,111.92,112.14,112.04,10560,0,81900,0
Ok,19-09-2025 10:15:00,1758257100,112.20,112.20,112.11,112.11,112.12,11909,0,71340,0
Ok,19-09-2025 10:10:00,1758256800,112.19,112.20,112.10,112.11,112.31,1096,0,59431,0
Ok,19-09-2025 10:05:00,1758256500,112.11,112.18,112.01,112.10,112.07,4629,0,58335,0
Ok,19-09-2025 10:00:00,1758256200,112.20,112.20,112.00,112.07,112.07,5723,0,53706,0
Ok,19-09-2025 09:55:00,1758255900,112.32,112.32,112.25,112.25,112.36,895,0,47983,0
Ok,19-09-2025 09:50:00,1758255600,112.24,112.60,112.24,112.31,112.36,2827,0,47088,0
Ok,19-09-2025 09:45:00,1758255300,112.30,112.39,112.20,112.21,112.36,1161,0,44261,0
Ok,19-09-2025 09:40:00,1758255000,112.14,112.38,112.14,112.19,111.96,1079,0,43100,0
Ok,19-09-2025 09:35:00,1758254700,112.15,112.18,112.05,112.14,112.16,1953,0,42021,0
Ok,19-09-2025 09:30:00,1758254400,112.22,112.25,112.15,112.25,112.24,7391,0,40068,0
Ok,19-09-2025 09:25:00,1758254100,112.12,112.35,112.10,112.22,111.98,2860,0,32677,0
Ok,19-09-2025 09:20:00,1758253800,112.19,112.34,111.92,112.05,112.17,6716,0,29817,0
Ok,19-09-2025 09:15:00,1758253500,112.50,113.33,112.00,112.10,112.52,23101,0,23101,0
