stat,time,ssboe,into,inth,intl,intc,intvwap,intv,intoi,v,oi
Ok,12-09-2025 15:10:00,1757670000,7875.50,7877.00,7874.50,7876.50,7875.43,7167,0,98853,0
Ok,12-09-2025 15:05:00,1757669700,7876.00,7876.50,7874.00,7876.50,7875.75,4718,0,91686,0
Ok,12-09-2025 15:00:00,1757669400,7875.00,7879.00,7872.00,7875.00,7876.00,4593,0,86968,0
Ok,12-09-2025 14:55:00,1757669100,7873.50,7876.50,7872.00,7873.50,7874.93,2622,0,82375,0
Ok,12-09-2025 14:50:00,1757668800,7876.00,7876.50,7865.00,7876.50,7873.61,4464,0,79753,0
Ok,12-09-2025 14:45:00,1757668500,7876.00,7876.50,7875.00,7876.50,7875.48,1911,0,75289,0
Ok,12-09-2025 14:40:00,1757668200,7875.00,7878.00,7875.00,7876.50,7875.63,1519,0,73378,0
Ok,12-09-2025 14:35:00,1757667900,7875.00,7878.50,7875.00,7878.00,7875.63,1934,0,71859,0
Ok,12-09-2025 14:30:00,1757667600,7881.00,7881.00,7875.00,7876.50,7875.73,2427,0,69925,0
Ok,12-09-2025 14:25:00,1757667300,7880.00,7881.00,7877.00,7880.00,7878.90,773,0,67498,0
Ok,12-09-2025 14:20:00,1757667000,7878.00,7882.00,7877.00,7878.00,7878.66,871,0,66725,0
Ok,12-09-2025 14:15:00,1757666700,7879.50,7883.00,7876.00,7878.50,7878.97,1402,0,65854,0
Ok,12-09-2025 14:10:00,1757666400,7886.50,7886.50,7877.50,7879.00,7882.61,921,0,64452,0
Ok,12-09-2025 14:05:00,1757666100,7887.00,7887.00,7882.50,7886.00,7885.57,588,0,63531,0
Ok,12-09-2025 14:00:00,1757665800,7884.00,7888.50,7883.00,7887.50,7884.71,720,0,62943,0
Ok,12-09-2025 13:55:00,1757665500,7883.00,7887.50,7882.50,7885.00,7884.44,648,0,62223,0
Ok,12-09-2025 13:50:00,1757665200,7880.00,7884.50,7879.00,7884.50,7881.89,595,0,61575,0
Ok,12-09-2025 13:45:00,1757664900,7880.50,7885.50,7880.00,7882.50,7881.63,856,0,60980,0
Ok,12-09-2025 13:40:00,1757664600,7882.50,7884.50,7876.50,7879.50,7880.81,572,0,60124,0
Ok,12-09-2025 13:35:00,1757664300,7890.00,7890.00,7881.00,7884.50,7885.05,765,0,59552,0
Ok,12-09-2025 13:30:00,1757664000,7889.00,7890.00,7888.50,7889.00,7889.68,661,0,58787,0
Ok,12-09-2025 13:25:00,1757663700,7885.50,7890.00,7885.00,7888.50,7886.27,522,0,58126,0
Ok,12-09-2025 13:20:00,1757663400,7883.50,7885.50,7883.50,7885.50,7884.22,359,0,57604,0
Ok,12-09-2025 13:15:00,1757663100,7879.00,7882.50,7878.50,7882.00,7880.80,616,0,57245,0
Ok,12-09-2025 13:10:00,1757662800,7886.50,7887.00,7879.00,7880.50,7883.38,543,0,56629,0
Ok,12-09-2025 13:05:00,1757662500,7888.50,7889.50,7885.00,7887.00,7887.00,760,0,56086,0
Ok,12-09-2025 13:00:00,1757662200,7882.50,7888.00,7882.50,7886.00,7885.59,398,0,55326,0
Ok,12-09-2025 12:55:00,1757661900,7880.00,7884.50,7876.50,7882.00,7876.85,5052,0,54928,0
Ok,12-09-2025 12:50:00,1757661600,7879.00,7886.00,7878.50,7883.00,7880.25,1087,0,49876,0
Ok,12-09-2025 12:45:00,1757661300,7884.00,7886.50,7877.50,7878.50,7882.27,511,0,48789,0
Ok,12-09-2025 12:40:00,1757661000,7880.00,7885.50,7875.50,7883.50,7880.45,1069,0,48278,0
Ok,12-09-2025 12:35:00,1757660700,7880.00,7882.00,7875.00,7879.00,7877.76,814,0,47209,0
Ok,12-09-2025 12:30:00,1757660400,7880.50,7883.50,7878.00,7881.00,7880.98,1459,0,46395,0
Ok,12-09-2025 12:25:00,1757660100,7879.00,7881.00,7875.50,7881.00,7878.05,948,0,44936,0
Ok,12-09-2025 12:20:00,1757659800,7884.00,7889.50,7876.50,7877.00,7882.57,2901,0,43988,0
Ok,12-09-2025 12:15:00,1757659500,7870.00,7876.50,7870.00,7876.50,7872.29,1168,0,41087,0
Ok,12-09-2025 12:10:00,1757659200,7868.00,7871.50,7867.00,7870.50,7868.88,800,0,39919,0
Ok,12-09-2025 12:05:00,1757658900,7867.50,7867.50,7862.00,7867.50,7865.58,865,0,39119,0
Ok,12-09-2025 12:00:00,1757658600,7864.00,7868.00,7864.00,7867.00,7865.73,604,0,38254,0
Ok,12-09-2025 11:55:00,1757658300,7875.50,7876.00,7864.50,7864.50,7867.47,899,0,37650,0
Ok,12-09-2025 11:50:00,1757658000,7863.50,7879.50,7861.00,7876.00,7872.73,1570,0,36751,0
Ok,12-09-2025 11:45:00,1757657700,7863.50,7868.00,7861.00,7864.00,7864.43,774,0,35181,0
Ok,12-09-2025 11:40:00,1757657400,7860.50,7868.00,7857.00,7864.00,7861.31,744,0,34407,0
Ok,12-09-2025 11:35:00,1757657100,7858.50,7871.00,7857.00,7863.00,7863.02,1357,0,33663,0
Ok,12-09-2025 11:30:00,1757656800,7862.00,7862.00,7859.00,7860.00,7859.72,246,0,32306,0
Ok,12-09-2025 11:25:00,1757656500,7863.50,7868.00,7860.50,7862.50,7865.18,623,0,32060,0
Ok,12-09-2025 11:20:00,1757656200,7857.50,7862.00,7857.50,7862.00,7859.56,635,0,31437,0
Ok,12-09-2025 11:15:00,1757655900,7845.00,7863.00,7844.00,7859.00,7854.75,1203,0,30802,0
Ok,12-09-2025 11:10:00,1757655600,7855.00,7856.00,7841.50,7842.50,7849.49,1795,0,29599,0
Ok,12-09-2025 11:05:00,1757655300,7867.00,7867.00,7854.00,7857.00,7858.33,959,0,27804,0
Ok,12-09-2025 11:00:00,1757655000,7858.00,7871.00,7855.50,7869.00,7864.50,1626,0,26845,0
Ok,12-09-2025 10:55:00,1757654700,7859.00,7860.00,7853.00,7857.50,7855.20,1286,0,25219,0
Ok,12-09-2025 10:50:00,1757654400,7861.00,7861.00,7860.00,7860.00,7860.82,477,0,23933,0
Ok,12-09-2025 10:45:00,1757654100,7864.50,7864.50,7859.00,7860.50,7861.69,364,0,23456,0
Ok,12-09-2025 10:40:00,1757653800,7864.50,7866.50,7860.00,7864.00,7862.95,876,0,23092,0
Ok,12-09-2025 10:35:00,1757653500,7865.50,7865.50,7858.50,7863.50,7861.66,1168,0,22216,0
Ok,12-09-2025 10:30:00,1757653200,7865.00,7869.00,7863.00,7863.00,7866.74,358,0,21048,0
Ok,12-09-2025 10:25:00,1757652900,7871.00,7871.00,7862.50,7869.00,7865.80,789,0,20690,0
Ok,12-09-2025 10:20:00,1757652600,7871.50,7872.00,7870.50,7870.50,7871.60,319,0,19901,0
Ok,12-09-2025 10:15:00,1757652300,7872.50,7874.00,7871.50,7872.00,7872.09,533,0,19582,0
Ok,12-09-2025 10:10:00,1757652000,7870.50,7872.50,7863.00,7869.50,7867.50,1049,0,19049,0
Ok,12-09-2025 10:05:00,1757651700,7868.00,7873.50,7867.00,7871.00,7870.34,565,0,18000,0
Ok,12-09-2025 10:00:00,1757651400,7863.50,7870.50,7862.00,7868.50,7866.98,1016,0,17435,0
Ok,12-09-2025 09:55:00,1757651100,7860.50,7862.00,7852.50,7862.00,7856.69,1165,0,16419,0
Ok,12-09-2025 09:50:00,1757650800,7866.50,7867.00,7860.00,7860.00,7863.77,972,0,15254,0
Ok,12-09-2025 09:45:00,1757650500,7880.00,7881.00,7866.00,7867.00,7873.94,1137,0,14282,0
Ok,12-09-2025 09:40:00,1757650200,7888.50,7890.00,7880.00,7881.00,7885.47,1177,0,13145,0
Ok,12-09-2025 09:35:00,1757649900,7892.50,7892.50,7884.50,7885.00,7887.08,1092,0,11968,0
Ok,12-09-2025 09:30:00,1757649600,7894.50,7895.50,7886.50,7893.00,7890.65,1076,0,10876,0
Ok,12-09-2025 09:25:00,1757649300,7905.50,7906.00,7891.50,7895.00,7898.30,1684,0,9800,0
Ok,12-09-2025 09:20:00,1757649000,7903.50,7906.00,7897.50,7906.00,7901.09,2007,0,8116,0
Ok,12-09-2025 09:15:00,1757648700,7874.00,7910.50,7874.00,7904.50,7906.92,5350,0,6109,0
