stat,time,ssboe,into,inth,intl,intc,intvwap,intv,intoi,v,oi
Ok,12-09-2025 15:10:00,1757670000,8986.00,8997.50,8982.50,8995.00,8988.71,14815,0,426721,0
Ok,12-09-2025 15:05:00,1757669700,8980.50,8992.50,8980.50,8986.50,8986.73,13429,0,411906,0
Ok,12-09-2025 15:00:00,1757669400,8995.50,8997.00,8979.50,8983.50,8989.37,12451,0,398477,0
Ok,12-09-2025 14:55:00,1757669100,8998.50,9003.50,8995.50,8997.00,8999.11,3819,0,386026,0
Ok,12-09-2025 14:50:00,1757668800,9002.50,9005.50,8996.50,8997.00,9001.33,2790,0,382207,0
Ok,12-09-2025 14:45:00,1757668500,9022.00,9026.00,8997.00,9000.00,9009.39,21879,0,379417,0
Ok,12-09-2025 14:40:00,1757668200,9022.50,9026.50,9020.00,9022.50,9023.57,1846,0,357538,0
Ok,12-09-2025 14:35:00,1757667900,9022.50,9025.00,9020.00,9020.00,9021.38,3853,0,355692,0
Ok,12-09-2025 14:30:00,1757667600,9013.00,9024.50,9011.00,9023.00,9018.69,5115,0,351839,0
Ok,12-09-2025 14:25:00,1757667300,9014.00,9018.50,9011.00,9012.00,9014.61,3531,0,346724,0
Ok,12-09-2025 14:20:00,1757667000,9009.00,9018.00,9006.50,9016.00,9009.79,5721,0,343193,0
Ok,12-09-2025 14:15:00,1757666700,9025.50,9028.50,9008.00,9008.00,9017.14,4962,0,337472,0
Ok,12-09-2025 14:10:00,1757666400,9026.50,9030.00,9023.50,9028.00,9026.70,2428,0,332510,0
Ok,12-09-2025 14:05:00,1757666100,9025.50,9029.00,9016.00,9027.00,9023.15,2531,0,330082,0
Ok,12-09-2025 14:00:00,1757665800,9011.00,9027.50,9011.00,9025.00,9017.83,2826,0,327551,0
Ok,12-09-2025 13:55:00,1757665500,9003.00,9019.00,9003.00,9015.00,9011.78,3592,0,324725,0
Ok,12-09-2025 13:50:00,1757665200,9011.50,9014.00,9000.00,9005.00,9005.74,3209,0,321133,0
Ok,12-09-2025 13:45:00,1757664900,9006.50,9012.00,9000.00,9009.00,9006.96,5691,0,317924,0
Ok,12-09-2025 13:40:00,1757664600,9054.00,9054.00,8998.00,9003.00,9020.36,12235,0,312233,0
Ok,12-09-2025 13:35:00,1757664300,9068.00,9069.50,9050.00,9050.50,9055.94,5288,0,299998,0
Ok,12-09-2025 13:30:00,1757664000,9078.50,9078.50,9063.00,9069.50,9071.62,2109,0,294710,0
Ok,12-09-2025 13:25:00,1757663700,9080.00,9083.00,9077.50,9079.00,9079.57,430,0,292601,0
Ok,12-09-2025 13:20:00,1757663400,9088.50,9089.50,9074.00,9077.50,9079.63,1285,0,292171,0
Ok,12-09-2025 13:15:00,1757663100,9088.00,9092.00,9087.50,9090.50,9089.26,10429,0,290886,0
Ok,12-09-2025 13:10:00,1757662800,9089.00,9091.50,9088.00,9089.00,9089.52,668,0,280457,0
Ok,12-09-2025 13:05:00,1757662500,9088.50,9091.50,9087.00,9091.50,9088.96,19791,0,279789,0
Ok,12-09-2025 13:00:00,1757662200,9087.50,9092.00,9085.00,9089.00,9088.62,3204,0,259998,0
Ok,12-09-2025 12:55:00,1757661900,9086.00,9091.00,9082.50,9090.00,9089.52,8922,0,256794,0
Ok,12-09-2025 12:50:00,1757661600,9085.00,9090.00,9081.00,9085.50,9086.97,5008,0,247872,0
Ok,12-09-2025 12:45:00,1757661300,9089.00,9091.00,9085.00,9087.50,9086.81,1967,0,242864,0
Ok,12-09-2025 12:40:00,1757661000,9086.00,9090.00,9081.50,9090.00,9088.18,8179,0,240897,0
Ok,12-09-2025 12:35:00,1757660700,9085.50,9089.00,9082.00,9086.50,9085.17,2578,0,232718,0
Ok,12-09-2025 12:30:00,1757660400,9077.50,9085.50,9073.00,9085.00,9084.44,8272,0,230140,0
Ok,12-09-2025 12:25:00,1757660100,9085.00,9090.00,9078.00,9078.00,9084.78,1669,0,221868,0
Ok,12-09-2025 12:20:00,1757659800,9083.50,9089.50,9080.50,9089.50,9086.82,1554,0,220199,0
Ok,12-09-2025 12:15:00,1757659500,9075.00,9085.00,9073.00,9084.00,9076.74,2658,0,218645,0
Ok,12-09-2025 12:10:00,1757659200,9074.00,9079.50,9072.50,9074.00,9077.25,944,0,215987,0
Ok,12-09-2025 12:05:00,1757658900,9074.50,9079.50,9062.50,9076.50,9070.40,3221,0,215043,0
Ok,12-09-2025 12:00:00,1757658600,9073.50,9077.00,9070.50,9075.00,9074.27,1486,0,211822,0
Ok,12-09-2025 11:55:00,1757658300,9079.50,9085.00,9070.50,9074.00,9076.66,1887,0,210336,0
Ok,12-09-2025 11:50:00,1757658000,9097.50,9099.50,9076.50,9083.50,9083.80,6965,0,208449,0
Ok,12-09-2025 11:45:00,1757657700,9097.00,9100.00,9092.00,9096.00,9098.17,2078,0,201484,0
Ok,12-09-2025 11:40:00,1757657400,9098.00,9100.00,9090.00,9098.50,9096.93,2944,0,199406,0
Ok,12-09-2025 11:35:00,1757657100,9094.00,9099.00,9090.50,9099.00,9094.53,911,0,196462,0
Ok,12-09-2025 11:30:00,1757656800,9090.50,9095.50,9088.00,9092.50,9090.12,953,0,195551,0
Ok,12-09-2025 11:25:00,1757656500,9097.50,9101.00,9089.50,9090.00,9095.59,2201,0,194598,0
Ok,12-09-2025 11:20:00,1757656200,9097.00,9100.00,9090.00,9094.00,9095.51,7142,0,192397,0
Ok,12-09-2025 11:15:00,1757655900,9097.00,9100.00,9095.00,9096.00,9098.42,2539,0,185255,0
Ok,12-09-2025 11:10:00,1757655600,9100.00,9100.00,9095.00,9095.50,9096.51,5339,0,182716,0
Ok,12-09-2025 11:05:00,1757655300,9091.00,9099.00,9086.00,9096.00,9093.35,4843,0,177377,0
Ok,12-09-2025 11:00:00,1757655000,9085.50,9100.00,9085.50,9092.00,9093.55,3203,0,172534,0
Ok,12-09-2025 10:55:00,1757654700,9089.50,9094.00,9082.00,9086.00,9087.68,2235,0,169331,0
Ok,12-09-2025 10:50:00,1757654400,9087.50,9090.00,9085.00,9089.00,9089.15,1342,0,167096,0
Ok,12-09-2025 10:45:00,1757654100,9090.00,9094.00,9081.00,9089.50,9088.49,1522,0,165754,0
Ok,12-09-2025 10:40:00,1757653800,9093.50,9105.50,9090.50,9093.50,9097.87,5578,0,164232,0
Ok,12-09-2025 10:35:00,1757653500,9095.50,9103.50,9092.00,9097.00,9099.74,6332,0,158654,0
Ok,12-09-2025 10:30:00,1757653200,9096.50,9099.50,9090.50,9096.50,9095.35,2735,0,152322,0
Ok,12-09-2025 10:25:00,1757652900,9084.00,9098.00,9077.50,9090.50,9088.47,2838,0,149587,0
Ok,12-09-2025 10:20:00,1757652600,9076.50,9091.50,9070.00,9081.00,9081.47,3852,0,146749,0
Ok,12-09-2025 10:15:00,1757652300,9095.00,9099.00,9073.50,9073.50,9081.19,6286,0,142897,0
Ok,12-09-2025 10:10:00,1757652000,9095.50,9105.50,9092.50,9097.00,9100.63,7520,0,136611,0
Ok,12-09-2025 10:05:00,1757651700,9103.00,9112.00,9090.50,9097.00,9105.02,10343,0,129091,0
Ok,12-09-2025 10:00:00,1757651400,9097.00,9108.50,9095.00,9102.50,9103.89,9459,0,118748,0
Ok,12-09-2025 09:55:00,1757651100,9100.00,9102.00,9080.00,9100.00,9091.01,6440,0,109289,0
Ok,12-09-2025 09:50:00,1757650800,9137.00,9144.50,9100.00,9101.50,9121.06,5399,0,102849,0
Ok,12-09-2025 09:45:00,1757650500,9157.50,9158.00,9134.00,9139.50,9143.33,13304,0,97450,0
Ok,12-09-2025 09:40:00,1757650200,9169.00,9171.00,9143.00,9157.00,9152.65,13275,0,84146,0
Ok,12-09-2025 09:35:00,1757649900,9185.50,9186.00,9160.00,9173.00,9172.10,19689,0,70871,0
Ok,12-09-2025 09:30:00,1757649600,9189.00,9205.00,9178.00,9185.00,9189.71,13845,0,51182,0
Ok,12-09-2025 09:25:00,1757649300,9146.00,9190.50,9143.50,9187.50,9169.18,11935,0,37337,0
Ok,12-09-2025 09:20:00,1757649000,9140.50,9154.00,9136.50,9149.50,9145.88,9385,0,25402,0
Ok,12-09-2025 09:15:00,1757648700,9142.00,9142.50,9110.00,9139.50,9122.03,15397,0,16017,0
