stat,time,ssboe,into,inth,intl,intc,intvwap,intv,intoi,v,oi
Ok,12-09-2025 15:10:00,1757670000,741.00,741.10,740.35,740.35,740.78,87627,0,1459868,0
Ok,12-09-2025 15:05:00,1757669700,741.10,741.30,740.95,740.95,741.17,78695,0,1372241,0
Ok,12-09-2025 15:00:00,1757669400,741.30,742.30,741.10,741.15,741.55,59377,0,1293546,0
Ok,12-09-2025 14:55:00,1757669100,741.40,741.60,741.10,741.25,740.97,14845,0,1234169,0
Ok,12-09-2025 14:50:00,1757668800,741.65,741.80,741.30,741.35,741.28,15451,0,1219324,0
Ok,12-09-2025 14:45:00,1757668500,741.55,742.20,741.20,741.85,741.61,31874,0,1203873,0
Ok,12-09-2025 14:40:00,1757668200,743.50,743.75,741.30,741.50,742.58,62330,0,1171999,0
Ok,12-09-2025 14:35:00,1757667900,743.75,743.95,743.00,743.40,743.77,21184,0,1109669,0
Ok,12-09-2025 14:30:00,1757667600,744.50,744.50,743.60,743.85,744.04,9192,0,1088485,0
Ok,12-09-2025 14:25:00,1757667300,744.15,745.00,744.15,744.45,744.53,16912,0,1079293,0
Ok,12-09-2025 14:20:00,1757667000,744.30,744.35,743.80,744.30,743.41,6977,0,1062381,0
Ok,12-09-2025 14:15:00,1757666700,744.35,744.35,743.55,744.35,744.35,9911,0,1055404,0
Ok,12-09-2025 14:10:00,1757666400,744.05,744.45,744.05,744.30,744.41,5005,0,1045493,0
Ok,12-09-2025 14:05:00,1757666100,744.00,744.15,743.60,744.10,744.34,4807,0,1040488,0
Ok,12-09-2025 14:00:00,1757665800,743.25,744.25,743.00,743.80,743.35,12998,0,1035681,0
Ok,12-09-2025 13:55:00,1757665500,742.70,743.40,742.70,743.10,742.61,5174,0,1022683,0
Ok,12-09-2025 13:50:00,1757665200,742.90,742.95,742.25,742.85,742.15,9151,0,1017509,0
Ok,12-09-2025 13:45:00,1757664900,743.25,743.40,742.40,742.80,742.76,28064,0,1008358,0
Ok,12-09-2025 13:40:00,1757664600,743.90,744.00,743.05,743.20,744.16,11391,0,980294,0
Ok,12-09-2025 13:35:00,1757664300,743.70,744.35,743.45,743.95,743.73,22008,0,968903,0
Ok,12-09-2025 13:30:00,1757664000,743.90,743.90,743.25,743.50,743.41,11010,0,946895,0
Ok,12-09-2025 13:25:00,1757663700,743.85,744.10,743.40,743.95,744.01,13012,0,935885,0
Ok,12-09-2025 13:20:00,1757663400,743.40,743.80,743.30,743.80,743.03,4757,0,922873,0
Ok,12-09-2025 13:15:00,1757663100,743.60,743.85,743.30,743.70,742.84,6718,0,918116,0
Ok,12-09-2025 13:10:00,1757662800,743.90,744.00,743.30,743.80,744.23,9993,0,911398,0
Ok,12-09-2025 13:05:00,1757662500,743.15,744.00,742.90,744.00,743.09,11455,0,901405,0
Ok,12-09-2025 13:00:00,1757662200,742.80,743.35,742.45,743.10,742.78,22478,0,889950,0
Ok,12-09-2025 12:55:00,1757661900,742.95,743.05,742.80,742.95,742.91,10157,0,867472,0
Ok,12-09-2025 12:50:00,1757661600,743.15,743.25,742.75,742.80,742.72,7617,0,857315,0
Ok,12-09-2025 12:45:00,1757661300,743.55,743.60,742.85,743.20,742.98,17670,0,849698,0
Ok,12-09-2025 12:40:00,1757661000,743.80,743.85,743.40,743.60,744.30,8203,0,832028,0
Ok,12-09-2025 12:35:00,1757660700,743.90,744.00,743.50,743.85,743.07,5747,0,823825,0
Ok,12-09-2025 12:30:00,1757660400,743.65,743.85,743.50,743.85,744.31,5299,0,818078,0
Ok,12-09-2025 12:25:00,1757660100,743.85,743.95,742.50,743.70,743.10,23881,0,812779,0
Ok,12-09-2025 12:20:00,1757659800,743.75,744.00,743.35,743.90,743.56,19424,0,788898,0
Ok,12-09-2025 12:15:00,1757659500,743.35,744.35,743.25,744.00,743.59,9420,0,769474,0
Ok,12-09-2025 12:10:00,1757659200,744.35,744.55,743.00,743.55,743.60,47303,0,760054,0
Ok,12-09-2025 12:05:00,1757658900,744.60,744.80,744.00,744.40,744.54,20400,0,712751,0
Ok,12-09-2025 12:00:00,1757658600,744.40,744.90,743.75,744.90,744.04,13564,0,692351,0
Ok,12-09-2025 11:55:00,1757658300,744.30,744.45,743.60,744.10,743.96,25134,0,678787,0
Ok,12-09-2025 11:50:00,1757658000,745.40,745.70,744.10,744.10,745.04,32605,0,653653,0
Ok,12-09-2025 11:45:00,1757657700,746.00,746.25,745.20,745.55,745.49,18342,0,621048,0
Ok,12-09-2025 11:40:00,1757657400,746.30,746.55,745.90,746.20,746.23,12775,0,602706,0
Ok,12-09-2025 11:35:00,1757657100,746.25,746.55,746.15,746.45,746.06,4624,0,589931,0
Ok,12-09-2025 11:30:00,1757656800,746.90,747.00,745.70,746.15,746.33,19800,0,585307,0
Ok,12-09-2025 11:25:00,1757656500,746.55,746.90,746.30,746.85,746.80,11690,0,565507,0
Ok,12-09-2025 11:20:00,1757656200,745.10,746.85,745.00,746.60,745.77,11001,0,553817,0
Ok,12-09-2025 11:15:00,1757655900,745.35,745.55,744.75,745.20,745.36,13874,0,542816,0
Ok,12-09-2025 11:10:00,1757655600,746.05,746.25,744.95,745.25,745.50,15180,0,528942,0
Ok,12-09-2025 11:05:00,1757655300,745.85,746.40,744.95,746.20,745.43,57705,0,513762,0
Ok,12-09-2025 11:00:00,1757655000,746.20,746.90,745.55,745.90,745.99,20287,0,456057,0
Ok,12-09-2025 10:55:00,1757654700,747.20,747.25,746.05,746.15,746.52,12405,0,435770,0
Ok,12-09-2025 10:50:00,1757654400,747.15,747.90,746.85,747.25,747.51,27338,0,423365,0
Ok,12-09-2025 10:45:00,1757654100,747.25,747.30,746.55,747.05,746.95,28092,0,396027,0
Ok,12-09-2025 10:40:00,1757653800,748.05,748.10,747.25,747.40,747.72,10737,0,367935,0
Ok,12-09-2025 10:35:00,1757653500,747.65,748.30,747.20,748.00,747.69,12734,0,357198,0
Ok,12-09-2025 10:30:00,1757653200,748.20,748.30,747.50,747.70,747.85,25660,0,344464,0
Ok,12-09-2025 10:25:00,1757652900,748.40,748.50,747.70,748.30,748.00,15190,0,318804,0
Ok,12-09-2025 10:20:00,1757652600,748.65,749.00,748.15,748.45,748.68,15610,0,303614,0
Ok,12-09-2025 10:15:00,1757652300,749.50,749.50,748.50,748.70,748.86,12538,0,288004,0
Ok,12-09-2025 10:10:00,1757652000,749.50,749.65,749.00,749.25,749.18,12090,0,275466,0
Ok,12-09-2025 10:05:00,1757651700,749.60,749.70,749.20,749.65,749.61,6654,0,263376,0
Ok,12-09-2025 10:00:00,1757651400,749.20,750.00,749.00,749.55,749.31,8357,0,256722,0
Ok,12-09-2025 09:55:00,1757651100,749.45,749.85,748.50,749.25,748.99,25115,0,248365,0
Ok,12-09-2025 09:50:00,1757650800,750.20,750.35,749.40,749.55,750.05,8451,0,223250,0
Ok,12-09-2025 09:45:00,1757650500,749.50,750.60,749.50,750.15,750.07,8028,0,214799,0
Ok,12-09-2025 09:40:00,1757650200,750.10,750.10,749.00,749.80,749.54,7472,0,206771,0
Ok,12-09-2025 09:35:00,1757649900,749.95,750.40,749.05,750.05,749.50,25613,0,199299,0
Ok,12-09-2025 09:30:00,1757649600,751.40,751.55,749.30,749.90,749.99,25368,0,173686,0
Ok,12-09-2025 09:25:00,1757649300,750.00,751.60,749.30,751.50,750.30,33553,0,148318,0
Ok,12-09-2025 09:20:00,1757649000,751.95,751.95,750.00,750.10,750.97,44314,0,114765,0
Ok,12-09-2025 09:15:00,1757648700,753.45,754.00,751.70,752.00,752.82,66647,0,70451,0
