stat,time,ssboe,into,inth,intl,intc,intvwap,intv,intoi,v,oi
Ok,12-09-2025 15:10:00,1757670000,1099.10,1099.40,1098.10,1099.20,1098.33,19831,0,940689,0
Ok,12-09-2025 15:05:00,1757669700,1099.70,1100.20,1098.90,1099.40,1099.67,15850,0,920858,0
Ok,12-09-2025 15:00:00,1757669400,1098.40,1100.60,1098.40,1099.80,1099.94,20425,0,905008,0
Ok,12-09-2025 14:55:00,1757669100,1099.20,1099.40,1098.30,1098.90,1098.64,12846,0,884583,0
Ok,12-09-2025 14:50:00,1757668800,1098.30,1099.40,1097.80,1099.00,1099.04,9672,0,871737,0
Ok,12-09-2025 14:45:00,1757668500,1098.10,1098.60,1097.80,1098.40,1097.98,11578,0,862065,0
Ok,12-09-2025 14:40:00,1757668200,1098.00,1098.40,1097.70,1097.90,1097.24,6061,0,850487,0
Ok,12-09-2025 14:35:00,1757667900,1098.50,1098.90,1097.70,1098.10,1098.13,27432,0,844426,0
Ok,12-09-2025 14:30:00,1757667600,1098.80,1099.00,1097.70,1098.00,1097.71,30730,0,816994,0
Ok,12-09-2025 14:25:00,1757667300,1098.50,1098.90,1097.00,1098.40,1097.30,61935,0,786264,0
Ok,12-09-2025 14:20:00,1757667000,1098.90,1099.20,1098.00,1098.90,1097.17,28855,0,724329,0
Ok,12-09-2025 14:15:00,1757666700,1100.40,1100.60,1097.80,1099.20,1098.17,26882,0,695474,0
Ok,12-09-2025 14:10:00,1757666400,1100.10,1100.60,1099.40,1100.10,1099.74,5098,0,668592,0
Ok,12-09-2025 14:05:00,1757666100,1101.70,1102.10,1099.40,1099.60,1101.18,17446,0,663494,0
Ok,12-09-2025 14:00:00,1757665800,1101.40,1101.40,1099.70,1101.30,1100.42,5627,0,646048,0
Ok,12-09-2025 13:55:00,1757665500,1099.60,1101.70,1099.10,1101.50,1100.23,11580,0,640421,0
Ok,12-09-2025 13:50:00,1757665200,1098.70,1099.10,1098.10,1099.00,1099.32,5182,0,628841,0
Ok,12-09-2025 13:45:00,1757664900,1098.00,1099.80,1097.70,1098.40,1099.00,17273,0,623659,0
Ok,12-09-2025 13:40:00,1757664600,1096.80,1098.60,1096.80,1098.30,1097.92,26627,0,606386,0
Ok,12-09-2025 13:35:00,1757664300,1095.50,1097.70,1095.50,1097.00,1096.30,91218,0,579759,0
Ok,12-09-2025 13:30:00,1757664000,1095.20,1096.90,1095.20,1095.80,1096.09,29387,0,488541,0
Ok,12-09-2025 13:25:00,1757663700,1096.90,1096.90,1095.10,1095.70,1095.91,4506,0,459154,0
Ok,12-09-2025 13:20:00,1757663400,1096.50,1097.10,1096.40,1096.60,1096.94,3655,0,454648,0
Ok,12-09-2025 13:15:00,1757663100,1095.30,1097.40,1095.30,1097.10,1096.64,28893,0,450993,0
Ok,12-09-2025 13:10:00,1757662800,1095.90,1096.70,1095.00,1095.80,1096.00,76060,0,422100,0
Ok,12-09-2025 13:05:00,1757662500,1095.60,1096.00,1095.10,1095.40,1097.17,1391,0,346040,0
Ok,12-09-2025 13:00:00,1757662200,1096.00,1096.00,1095.40,1095.70,1095.22,1764,0,344649,0
Ok,12-09-2025 12:55:00,1757661900,1095.30,1096.00,1095.20,1095.80,1095.94,5469,0,342885,0
Ok,12-09-2025 12:50:00,1757661600,1095.40,1096.30,1095.20,1095.20,1095.82,11866,0,337416,0
Ok,12-09-2025 12:45:00,1757661300,1096.80,1097.40,1095.10,1095.20,1096.40,18165,0,325550,0
Ok,12-09-2025 12:40:00,1757661000,1097.20,1097.20,1096.50,1097.00,1097.30,4113,0,307385,0
Ok,12-09-2025 12:35:00,1757660700,1096.50,1097.30,1096.40,1096.60,1096.53,7785,0,303272,0
Ok,12-09-2025 12:30:00,1757660400,1096.00,1097.20,1095.40,1096.80,1096.20,41369,0,295487,0
Ok,12-09-2025 12:25:00,1757660100,1095.40,1096.00,1095.40,1095.90,1095.51,1275,0,254118,0
Ok,12-09-2025 12:20:00,1757659800,1095.50,1095.90,1095.40,1095.80,1095.62,1337,0,252843,0
Ok,12-09-2025 12:15:00,1757659500,1095.40,1096.90,1095.10,1095.80,1096.17,7320,0,251506,0
Ok,12-09-2025 12:10:00,1757659200,1095.60,1096.00,1094.70,1095.10,1095.37,3319,0,244186,0
Ok,12-09-2025 12:05:00,1757658900,1096.40,1096.40,1095.30,1096.00,1095.62,1219,0,240867,0
Ok,12-09-2025 12:00:00,1757658600,1096.00,1097.20,1095.50,1095.80,1096.42,11687,0,239648,0
Ok,12-09-2025 11:55:00,1757658300,1095.50,1095.90,1094.40,1095.80,1095.51,16762,0,227961,0
Ok,12-09-2025 11:50:00,1757658000,1095.80,1095.90,1095.00,1095.40,1095.01,1491,0,211199,0
Ok,12-09-2025 11:45:00,1757657700,1096.20,1096.30,1095.20,1095.20,1095.75,3941,0,209708,0
Ok,12-09-2025 11:40:00,1757657400,1095.80,1096.00,1095.10,1096.00,1095.92,9032,0,205767,0
Ok,12-09-2025 11:35:00,1757657100,1095.90,1096.90,1095.00,1095.70,1095.83,7930,0,196735,0
Ok,12-09-2025 11:30:00,1757656800,1095.90,1096.00,1095.20,1095.50,1095.65,3840,0,188805,0
Ok,12-09-2025 11:25:00,1757656500,1095.80,1096.00,1095.70,1096.00,1096.20,5635,0,184965,0
Ok,12-09-2025 11:20:00,1757656200,1096.00,1098.10,1095.50,1096.00,1096.42,34738,0,179330,0
Ok,12-09-2025 11:15:00,1757655900,1094.10,1096.00,1093.60,1095.90,1095.14,5250,0,144592,0
Ok,12-09-2025 11:10:00,1757655600,1094.00,1094.40,1093.20,1093.60,1093.80,11201,0,139342,0
Ok,12-09-2025 11:05:00,1757655300,1094.30,1095.00,1094.00,1094.10,1094.28,5299,0,128141,0
Ok,12-09-2025 11:00:00,1757655000,1094.80,1095.20,1093.90,1094.80,1094.63,9807,0,122842,0
Ok,12-09-2025 10:55:00,1757654700,1095.60,1096.00,1094.80,1095.00,1095.33,7146,0,113035,0
Ok,12-09-2025 10:50:00,1757654400,1095.70,1096.00,1095.40,1095.90,1095.91,2969,0,105889,0
Ok,12-09-2025 10:45:00,1757654100,1096.40,1096.60,1095.70,1096.00,1096.10,2219,0,102920,0
Ok,12-09-2025 10:40:00,1757653800,1096.40,1096.80,1096.10,1096.10,1096.23,1229,0,100701,0
Ok,12-09-2025 10:35:00,1757653500,1095.90,1097.10,1095.70,1096.20,1096.05,3365,0,99472,0
Ok,12-09-2025 10:30:00,1757653200,1095.70,1096.60,1095.70,1095.80,1096.02,2109,0,96107,0
Ok,12-09-2025 10:25:00,1757652900,1096.40,1096.60,1095.20,1095.40,1095.88,6857,0,93998,0
Ok,12-09-2025 10:20:00,1757652600,1097.50,1098.70,1096.50,1096.50,1097.65,2314,0,87141,0
Ok,12-09-2025 10:15:00,1757652300,1097.90,1098.80,1097.30,1097.70,1097.75,2987,0,84827,0
Ok,12-09-2025 10:10:00,1757652000,1098.70,1098.80,1097.00,1098.40,1097.66,4213,0,81840,0
Ok,12-09-2025 10:05:00,1757651700,1099.30,1099.50,1098.40,1099.00,1099.08,2002,0,77627,0
Ok,12-09-2025 10:00:00,1757651400,1097.80,1099.30,1097.20,1099.30,1098.01,3601,0,75625,0
Ok,12-09-2025 09:55:00,1757651100,1097.50,1097.90,1097.20,1097.60,1097.36,2792,0,72024,0
Ok,12-09-2025 09:50:00,1757650800,1097.80,1098.80,1097.60,1097.70,1098.31,2708,0,69232,0
Ok,12-09-2025 09:45:00,1757650500,1097.90,1098.40,1097.00,1098.30,1097.34,1708,0,66524,0
Ok,12-09-2025 09:40:00,1757650200,1099.00,1099.50,1097.30,1097.30,1098.12,6048,0,64816,0
Ok,12-09-2025 09:35:00,1757649900,1099.50,1099.70,1098.40,1099.60,1099.14,5830,0,58768,0
Ok,12-09-2025 09:30:00,1757649600,1100.50,1101.10,1099.10,1099.90,1100.10,7501,0,52938,0
Ok,12-09-2025 09:25:00,1757649300,1104.30,1104.50,1100.10,1100.30,1101.71,15664,0,45437,0
Ok,12-09-2025 09:20:00,1757649000,1102.10,1107.40,1102.10,1104.20,1105.85,16881,0,29773,0
Ok,12-09-2025 09:15:00,1757648700,1100.70,1103.10,1100.70,1102.30,1102.03,10947,0,12892,0
