stat,time,ssboe,into,inth,intl,intc,intvwap,intv,intoi,v,oi
Ok,12-09-2025 15:10:00,1757670000,251.84,251.95,251.84,251.93,251.76,103227,0,4807619,0
Ok,12-09-2025 15:05:00,1757669700,251.75,251.85,251.65,251.85,252.23,71221,0,4704392,0
Ok,12-09-2025 15:00:00,1757669400,251.85,252.00,251.59,251.65,251.64,155237,0,4633171,0
Ok,12-09-2025 14:55:00,1757669100,251.80,251.99,251.70,251.91,251.63,71737,0,4477934,0
Ok,12-09-2025 14:50:00,1757668800,251.76,251.87,251.66,251.79,252.26,31186,0,4406197,0
Ok,12-09-2025 14:45:00,1757668500,251.76,251.78,251.52,251.74,250.53,50240,0,4375011,0
Ok,12-09-2025 14:40:00,1757668200,251.90,251.95,251.80,251.82,252.28,42276,0,4324771,0
Ok,12-09-2025 14:35:00,1757667900,252.07,252.07,251.80,251.82,252.28,47976,0,4282495,0
Ok,12-09-2025 14:30:00,1757667600,252.25,252.26,252.03,252.05,252.28,44575,0,4234519,0
Ok,12-09-2025 14:25:00,1757667300,252.09,252.26,252.09,252.26,252.28,27002,0,4189944,0
Ok,12-09-2025 14:20:00,1757667000,252.06,252.10,251.93,252.10,252.28,20734,0,4162942,0
Ok,12-09-2025 14:15:00,1757666700,252.03,252.10,252.00,252.03,252.28,14932,0,4142208,0
Ok,12-09-2025 14:10:00,1757666400,252.06,252.10,252.00,252.09,252.28,14699,0,4127276,0
Ok,12-09-2025 14:05:00,1757666100,252.12,252.14,252.00,252.10,252.28,18114,0,4112577,0
Ok,12-09-2025 14:00:00,1757665800,251.95,252.15,251.94,252.13,252.28,39317,0,4094463,0
Ok,12-09-2025 13:55:00,1757665500,251.90,252.03,251.85,251.94,250.77,26783,0,4055146,0
Ok,12-09-2025 13:50:00,1757665200,251.76,251.95,251.65,251.94,252.29,25468,0,4028363,0
Ok,12-09-2025 13:45:00,1757664900,251.80,251.90,251.66,251.77,252.29,25254,0,4002895,0
Ok,12-09-2025 13:40:00,1757664600,251.83,251.99,251.80,251.85,250.86,27753,0,3977641,0
Ok,12-09-2025 13:35:00,1757664300,251.86,251.90,251.80,251.90,252.30,29861,0,3949888,0
Ok,12-09-2025 13:30:00,1757664000,251.75,251.94,251.75,251.89,252.30,26382,0,3920027,0
Ok,12-09-2025 13:25:00,1757663700,251.75,251.80,251.61,251.72,252.30,11047,0,3893645,0
Ok,12-09-2025 13:20:00,1757663400,251.80,251.85,251.67,251.80,250.49,21403,0,3882598,0
Ok,12-09-2025 13:15:00,1757663100,251.66,251.85,251.59,251.83,252.31,12785,0,3861195,0
Ok,12-09-2025 13:10:00,1757662800,251.55,251.71,251.51,251.65,252.31,17798,0,3848410,0
Ok,12-09-2025 13:05:00,1757662500,251.50,251.60,251.41,251.60,249.73,14815,0,3830612,0
Ok,12-09-2025 13:00:00,1757662200,251.55,251.60,251.50,251.59,252.32,16962,0,3815797,0
Ok,12-09-2025 12:55:00,1757661900,251.39,251.60,251.38,251.57,252.32,20485,0,3798835,0
Ok,12-09-2025 12:50:00,1757661600,251.80,251.90,251.35,251.45,251.49,45303,0,3778350,0
Ok,12-09-2025 12:45:00,1757661300,252.06,252.06,251.80,251.90,252.33,26235,0,3733047,0
Ok,12-09-2025 12:40:00,1757661000,252.03,252.09,251.95,252.03,249.35,12418,0,3706812,0
Ok,12-09-2025 12:35:00,1757660700,252.00,252.10,251.95,252.02,252.34,13806,0,3694394,0
Ok,12-09-2025 12:30:00,1757660400,251.95,252.08,251.93,252.05,252.34,21764,0,3680588,0
Ok,12-09-2025 12:25:00,1757660100,251.90,252.00,251.80,252.00,252.34,21616,0,3658824,0
Ok,12-09-2025 12:20:00,1757659800,251.81,251.89,251.72,251.89,251.12,29788,0,3637208,0
Ok,12-09-2025 12:15:00,1757659500,251.77,251.87,251.69,251.84,252.35,27340,0,3607420,0
Ok,12-09-2025 12:10:00,1757659200,252.12,252.23,251.70,251.81,252.35,29000,0,3580080,0
Ok,12-09-2025 12:05:00,1757658900,252.22,252.23,252.09,252.20,252.35,25634,0,3551080,0
Ok,12-09-2025 12:00:00,1757658600,252.36,252.50,252.22,252.25,252.35,44001,0,3525446,0
Ok,12-09-2025 11:55:00,1757658300,252.24,252.38,252.19,252.37,251.38,35724,0,3481445,0
Ok,12-09-2025 11:50:00,1757658000,252.27,252.36,252.11,252.20,252.36,76587,0,3445721,0
Ok,12-09-2025 11:45:00,1757657700,252.27,252.40,252.26,252.26,252.36,25454,0,3369134,0
Ok,12-09-2025 11:40:00,1757657400,252.30,252.40,252.21,252.35,252.36,45966,0,3343680,0
Ok,12-09-2025 11:35:00,1757657100,252.46,252.46,252.15,252.25,252.36,34078,0,3297714,0
Ok,12-09-2025 11:30:00,1757656800,252.31,252.50,252.26,252.45,252.36,65565,0,3263636,0
Ok,12-09-2025 11:25:00,1757656500,251.99,252.35,251.90,252.27,252.07,109437,0,3198071,0
Ok,12-09-2025 11:20:00,1757656200,252.14,252.15,251.96,251.96,252.37,42997,0,3088634,0
Ok,12-09-2025 11:15:00,1757655900,252.03,252.15,251.93,252.03,251.79,52079,0,3045637,0
Ok,12-09-2025 11:10:00,1757655600,251.73,252.19,251.65,252.04,252.12,114467,0,2993558,0
Ok,12-09-2025 11:05:00,1757655300,251.83,251.92,251.73,251.75,251.46,30883,0,2879091,0
Ok,12-09-2025 11:00:00,1757655000,251.58,251.92,251.55,251.92,251.62,36419,0,2848208,0
Ok,12-09-2025 10:55:00,1757654700,251.63,251.75,251.47,251.55,251.49,60441,0,2811789,0
Ok,12-09-2025 10:50:00,1757654400,251.72,252.00,251.68,251.73,251.92,105719,0,2751348,0
Ok,12-09-2025 10:45:00,1757654100,251.33,251.75,251.24,251.70,251.26,65645,0,2645629,0
Ok,12-09-2025 10:40:00,1757653800,251.12,251.48,251.04,251.44,251.65,61219,0,2579984,0
Ok,12-09-2025 10:35:00,1757653500,251.10,251.30,251.00,251.07,251.15,54965,0,2518765,0
Ok,12-09-2025 10:30:00,1757653200,251.27,251.27,250.85,251.14,250.99,136488,0,2463800,0
Ok,12-09-2025 10:25:00,1757652900,251.13,251.30,251.10,251.25,251.18,47733,0,2327312,0
Ok,12-09-2025 10:20:00,1757652600,251.25,251.40,251.08,251.16,251.28,80966,0,2279579,0
Ok,12-09-2025 10:15:00,1757652300,251.65,251.70,251.21,251.32,251.44,68161,0,2198613,0
Ok,12-09-2025 10:10:00,1757652000,251.61,251.79,251.53,251.59,251.62,55794,0,2130452,0
Ok,12-09-2025 10:05:00,1757651700,251.68,251.75,251.58,251.70,251.75,40072,0,2074658,0
Ok,12-09-2025 10:00:00,1757651400,251.42,251.84,251.40,251.69,251.51,77383,0,2034586,0
Ok,12-09-2025 09:55:00,1757651100,251.20,251.44,251.16,251.35,251.28,73029,0,1957203,0
Ok,12-09-2025 09:50:00,1757650800,251.31,251.74,251.04,251.21,251.44,144254,0,1884174,0
Ok,12-09-2025 09:45:00,1757650500,251.20,251.47,251.17,251.35,251.33,106920,0,1739920,0
Ok,12-09-2025 09:40:00,1757650200,252.15,252.18,251.08,251.18,251.49,254016,0,1633000,0
Ok,12-09-2025 09:35:00,1757649900,252.35,252.39,251.92,252.16,252.10,234019,0,1378984,0
Ok,12-09-2025 09:30:00,1757649600,252.71,252.75,251.83,252.30,252.22,277260,0,1144965,0
Ok,12-09-2025 09:25:00,1757649300,253.34,253.74,252.70,252.70,253.26,116675,0,867705,0
Ok,12-09-2025 09:20:00,1757649000,253.54,253.68,252.74,253.27,253.10,183886,0,751030,0
Ok,12-09-2025 09:15:00,1757648700,255.37,255.67,253.20,253.50,254.68,544208,0,567144,0
