stat,time,ssboe,into,inth,intl,intc,intvwap,intv,intoi,v,oi
Ok,26-09-2025 15:20:00,1758880200,154.95,155.11,154.82,154.83,154.76,158095,0,5917346,0
Ok,26-09-2025 15:15:00,1758879900,155.07,155.07,154.80,154.85,155.09,235671,0,5759251,0
Ok,26-09-2025 15:10:00,1758879600,155.22,155.29,155.03,155.10,154.37,56252,0,5523580,0
Ok,26-09-2025 15:05:00,1758879300,155.40,155.46,155.31,155.31,155.39,114019,0,5467328,0
Ok,26-09-2025 15:00:00,1758879000,155.38,155.44,155.06,155.37,154.96,75429,0,5353309,0
Ok,26-09-2025 14:55:00,1758878700,155.27,155.46,155.16,155.44,156.38,44804,0,5277880,0
Ok,26-09-2025 14:50:00,1758878400,155.42,155.59,155.14,155.14,155.55,62500,0,5233076,0
Ok,26-09-2025 14:45:00,1758878100,155.51,155.56,155.30,155.50,155.60,64713,0,5170576,0
Ok,26-09-2025 14:40:00,1758877800,155.38,155.61,155.33,155.53,154.60,56159,0,5105863,0
Ok,26-09-2025 14:35:00,1758877500,155.32,155.45,155.20,155.37,155.70,69723,0,5049704,0
Ok,26-09-2025 14:30:00,1758877200,155.26,155.37,155.06,155.25,154.97,67535,0,4979981,0
Ok,26-09-2025 14:25:00,1758876900,154.91,155.40,154.87,155.22,155.35,131438,0,4912446,0
Ok,26-09-2025 14:20:00,1758876600,155.20,155.33,155.00,155.00,154.91,119385,0,4781008,0
Ok,26-09-2025 14:15:00,1758876300,155.49,155.49,155.20,155.21,155.06,31938,0,4661623,0
Ok,26-09-2025 14:10:00,1758876000,155.35,155.53,155.31,155.47,155.66,53036,0,4629685,0
Ok,26-09-2025 14:05:00,1758875700,155.28,155.31,155.16,155.31,155.29,36597,0,4576649,0
Ok,26-09-2025 14:00:00,1758875400,155.48,155.48,155.16,155.30,155.36,37898,0,4540052,0
Ok,26-09-2025 13:55:00,1758875100,155.51,155.70,155.42,155.45,155.27,34932,0,4502154,0
Ok,26-09-2025 13:50:00,1758874800,155.56,155.63,155.40,155.47,155.72,103150,0,4467222,0
Ok,26-09-2025 13:45:00,1758874500,155.62,155.84,155.61,155.61,155.41,36876,0,4364072,0
Ok,26-09-2025 13:40:00,1758874200,155.70,155.78,155.57,155.68,155.81,54249,0,4327196,0
Ok,26-09-2025 13:35:00,1758873900,155.41,155.73,155.40,155.73,155.47,74184,0,4272947,0
Ok,26-09-2025 13:30:00,1758873600,155.72,155.74,155.41,155.45,155.37,66091,0,4198763,0
Ok,26-09-2025 13:25:00,1758873300,155.71,155.80,155.54,155.73,155.50,71144,0,4132672,0
Ok,26-09-2025 13:20:00,1758873000,156.04,156.04,155.71,155.75,156.67,38818,0,4061528,0
Ok,26-09-2025 13:15:00,1758872700,156.31,156.31,155.96,156.03,155.71,83053,0,4022710,0
Ok,26-09-2025 13:10:00,1758872400,156.55,156.58,156.31,156.34,156.69,24992,0,3939657,0
Ok,26-09-2025 13:05:00,1758872100,156.38,156.77,156.32,156.54,156.69,47746,0,3914665,0
Ok,26-09-2025 13:00:00,1758871800,156.36,156.55,156.29,156.37,156.69,50252,0,3866919,0
Ok,26-09-2025 12:55:00,1758871500,156.43,156.54,156.30,156.35,155.74,39891,0,3816667,0
Ok,26-09-2025 12:50:00,1758871200,156.24,156.53,156.24,156.46,156.70,36861,0,3776776,0
Ok,26-09-2025 12:45:00,1758870900,156.18,156.41,156.13,156.25,156.70,32709,0,3739915,0
Ok,26-09-2025 12:40:00,1758870600,156.20,156.36,156.20,156.20,155.48,30406,0,3707206,0
Ok,26-09-2025 12:35:00,1758870300,156.14,156.26,156.05,156.26,156.71,30093,0,3676800,0
Ok,26-09-2025 12:30:00,1758870000,156.60,156.66,156.10,156.11,155.81,40513,0,3646707,0
Ok,26-09-2025 12:25:00,1758869700,156.81,156.85,156.49,156.63,156.72,34409,0,3606194,0
Ok,26-09-2025 12:20:00,1758869400,156.34,156.85,156.33,156.85,156.72,43203,0,3571785,0
Ok,26-09-2025 12:15:00,1758869100,156.75,156.82,156.39,156.39,156.72,36883,0,3528582,0
Ok,26-09-2025 12:10:00,1758868800,156.56,156.79,156.53,156.69,156.72,30198,0,3491699,0
Ok,26-09-2025 12:05:00,1758868500,156.71,156.87,156.55,156.55,156.72,44364,0,3461501,0
Ok,26-09-2025 12:00:00,1758868200,157.23,157.26,156.67,156.72,156.72,30352,0,3417137,0
Ok,26-09-2025 11:55:00,1758867900,157.13,157.39,157.12,157.28,157.52,41423,0,3386785,0
Ok,26-09-2025 11:50:00,1758867600,157.00,157.36,156.90,157.14,156.71,39464,0,3345362,0
Ok,26-09-2025 11:45:00,1758867300,156.91,157.09,156.90,156.95,157.70,32643,0,3305898,0
Ok,26-09-2025 11:40:00,1758867000,157.08,157.16,156.82,156.90,156.70,29456,0,3273255,0
Ok,26-09-2025 11:35:00,1758866700,157.31,157.37,157.07,157.13,157.22,60584,0,3243799,0
Ok,26-09-2025 11:30:00,1758866400,157.47,157.71,157.28,157.28,157.25,55304,0,3183215,0
Ok,26-09-2025 11:25:00,1758866100,157.49,157.65,157.42,157.53,157.54,70272,0,3127911,0
Ok,26-09-2025 11:20:00,1758865800,157.28,157.55,157.04,157.46,157.30,46444,0,3057639,0
Ok,26-09-2025 11:15:00,1758865500,157.43,157.50,157.23,157.23,157.71,28014,0,3011195,0
Ok,26-09-2025 11:10:00,1758865200,157.34,157.71,157.24,157.50,157.54,64003,0,2983181,0
Ok,26-09-2025 11:05:00,1758864900,156.90,157.37,156.83,157.24,156.92,93206,0,2919178,0
Ok,26-09-2025 11:00:00,1758864600,157.32,157.35,156.93,156.93,157.22,44771,0,2825972,0
Ok,26-09-2025 10:55:00,1758864300,157.26,157.49,157.10,157.33,157.32,73979,0,2781201,0
Ok,26-09-2025 10:50:00,1758864000,157.57,157.80,157.29,157.29,157.51,212575,0,2707222,0
Ok,26-09-2025 10:45:00,1758863700,157.30,157.86,157.21,157.59,157.47,293403,0,2494647,0
Ok,26-09-2025 10:40:00,1758863400,156.90,157.34,156.82,157.31,157.16,80166,0,2201244,0
Ok,26-09-2025 10:35:00,1758863100,156.54,157.04,156.46,156.96,156.57,84138,0,2121078,0
Ok,26-09-2025 10:30:00,1758862800,156.45,156.60,156.45,156.49,156.90,35100,0,2036940,0
Ok,26-09-2025 10:25:00,1758862500,156.02,156.89,156.02,156.50,156.48,110669,0,2001840,0
Ok,26-09-2025 10:20:00,1758862200,156.03,156.15,155.97,156.00,156.31,35736,0,1891171,0
Ok,26-09-2025 10:15:00,1758861900,156.08,156.32,155.90,156.02,155.98,55820,0,1855435,0
Ok,26-09-2025 10:10:00,1758861600,156.25,156.61,155.89,156.00,156.17,120207,0,1799615,0
Ok,26-09-2025 10:05:00,1758861300,155.89,156.40,155.80,156.20,155.95,164739,0,1679408,0
Ok,26-09-2025 10:00:00,1758861000,156.24,156.24,155.80,155.93,155.86,111872,0,1514669,0
Ok,26-09-2025 09:55:00,1758860700,156.13,156.45,156.12,156.21,156.41,35517,0,1402797,0
Ok,26-09-2025 09:50:00,1758860400,156.54,156.70,156.05,156.15,156.40,126834,0,1367280,0
Ok,26-09-2025 09:45:00,1758860100,156.19,156.63,156.00,156.46,156.32,132429,0,1240446,0
Ok,26-09-2025 09:40:00,1758859800,155.84,156.44,155.84,156.20,156.12,103132,0,1108017,0
Ok,26-09-2025 09:35:00,1758859500,155.62,155.78,155.32,155.75,155.44,115276,0,1004885,0
Ok,26-09-2025 09:30:00,1758859200,156.18,156.18,155.55,155.56,155.82,222740,0,889609,0
Ok,26-09-2025 09:25:00,1758858900,156.65,156.99,156.05,156.25,156.47,218645,0,666869,0
Ok,26-09-2025 09:20:00,1758858600,157.09,157.09,156.31,156.66,156.60,204350,0,448224,0
Ok,26-09-2025 09:15:00,1758858300,157.20,157.81,157.05,157.08,157.32,236976,0,243874,0
