stat,time,ssboe,into,inth,intl,intc,intvwap,intv,intoi,v,oi
Ok,26-09-2025 15:20:00,1758880200,396.15,396.25,395.75,395.95,395.99,249109,0,11383327,0
Ok,26-09-2025 15:15:00,1758879900,395.65,396.05,395.65,396.05,395.91,279777,0,11134218,0
Ok,26-09-2025 15:10:00,1758879600,395.70,396.00,395.45,395.80,395.77,258972,0,10854441,0
Ok,26-09-2025 15:05:00,1758879300,396.05,396.15,395.60,395.75,396.02,152996,0,10595469,0
Ok,26-09-2025 15:00:00,1758879000,395.70,396.35,395.45,396.10,395.74,199499,0,10442473,0
Ok,26-09-2025 14:55:00,1758878700,395.75,396.20,395.70,396.15,395.26,106408,0,10242974,0
Ok,26-09-2025 14:50:00,1758878400,396.80,397.00,395.60,395.60,396.37,150010,0,10136566,0
Ok,26-09-2025 14:45:00,1758878100,396.85,396.95,396.10,396.70,396.92,117980,0,9986556,0
Ok,26-09-2025 14:40:00,1758877800,396.50,397.40,396.20,396.80,396.78,155518,0,9868576,0
Ok,26-09-2025 14:35:00,1758877500,395.45,396.60,395.45,396.45,395.90,161619,0,9713058,0
Ok,26-09-2025 14:30:00,1758877200,395.25,395.60,395.00,395.50,395.43,128242,0,9551439,0
Ok,26-09-2025 14:25:00,1758876900,394.75,395.40,394.55,395.10,394.98,130402,0,9423197,0
Ok,26-09-2025 14:20:00,1758876600,395.45,395.50,394.65,394.80,394.44,142998,0,9292795,0
Ok,26-09-2025 14:15:00,1758876300,395.90,395.90,395.10,395.50,396.37,86828,0,9149797,0
Ok,26-09-2025 14:10:00,1758876000,395.90,396.50,395.80,395.85,395.23,84048,0,9062969,0
Ok,26-09-2025 14:05:00,1758875700,395.25,395.95,395.25,395.85,396.05,125294,0,8978921,0
Ok,26-09-2025 14:00:00,1758875400,396.75,396.75,395.35,395.35,395.86,132611,0,8853627,0
Ok,26-09-2025 13:55:00,1758875100,396.90,397.40,396.45,396.80,396.48,111844,0,8721016,0
Ok,26-09-2025 13:50:00,1758874800,397.50,397.65,396.50,396.75,397.24,108574,0,8609172,0
Ok,26-09-2025 13:45:00,1758874500,397.70,398.45,397.70,397.75,397.44,73859,0,8500598,0
Ok,26-09-2025 13:40:00,1758874200,397.55,397.85,397.30,397.85,398.03,62499,0,8426739,0
Ok,26-09-2025 13:35:00,1758873900,397.45,397.95,397.45,397.60,397.28,103470,0,8364240,0
Ok,26-09-2025 13:30:00,1758873600,398.00,398.05,397.30,397.50,397.56,194050,0,8260770,0
Ok,26-09-2025 13:25:00,1758873300,398.65,398.65,398.00,398.05,398.14,97075,0,8066720,0
Ok,26-09-2025 13:20:00,1758873000,399.20,399.20,398.30,398.75,398.69,173151,0,7969645,0
Ok,26-09-2025 13:15:00,1758872700,400.00,400.00,399.00,399.10,399.38,128285,0,7796494,0
Ok,26-09-2025 13:10:00,1758872400,400.05,400.30,399.85,399.95,399.81,58268,0,7668209,0
Ok,26-09-2025 13:05:00,1758872100,400.55,400.65,400.00,400.00,401.32,66812,0,7609941,0
Ok,26-09-2025 13:00:00,1758871800,400.50,400.70,400.30,400.60,400.16,65320,0,7543129,0
Ok,26-09-2025 12:55:00,1758871500,401.05,401.35,400.35,400.45,400.83,89888,0,7477809,0
Ok,26-09-2025 12:50:00,1758871200,400.55,401.00,400.55,400.95,400.92,46695,0,7387921,0
Ok,26-09-2025 12:45:00,1758870900,400.35,400.65,400.20,400.60,399.94,56943,0,7341226,0
Ok,26-09-2025 12:40:00,1758870600,400.35,400.70,400.25,400.45,401.04,48840,0,7284283,0
Ok,26-09-2025 12:35:00,1758870300,399.90,400.40,399.85,400.30,400.33,32611,0,7235443,0
Ok,26-09-2025 12:30:00,1758870000,400.10,400.10,399.60,399.80,399.91,54267,0,7202832,0
Ok,26-09-2025 12:25:00,1758869700,400.00,400.60,399.95,400.05,399.77,125745,0,7148565,0
Ok,26-09-2025 12:20:00,1758869400,399.95,400.35,399.90,400.05,400.35,151657,0,7022820,0
Ok,26-09-2025 12:15:00,1758869100,399.95,400.45,399.95,400.00,400.03,77364,0,6871163,0
Ok,26-09-2025 12:10:00,1758868800,400.00,400.20,399.85,400.05,399.73,45532,0,6793799,0
Ok,26-09-2025 12:05:00,1758868500,400.05,400.30,399.85,399.90,400.36,56866,0,6748267,0
Ok,26-09-2025 12:00:00,1758868200,400.95,400.95,399.75,400.00,400.05,217335,0,6691401,0
Ok,26-09-2025 11:55:00,1758867900,400.70,401.05,400.55,400.90,401.05,72158,0,6474066,0
Ok,26-09-2025 11:50:00,1758867600,399.85,400.80,399.85,400.55,400.46,131608,0,6401908,0
Ok,26-09-2025 11:45:00,1758867300,399.65,400.15,399.60,399.95,399.81,119682,0,6270300,0
Ok,26-09-2025 11:40:00,1758867000,400.40,400.50,399.50,399.60,399.72,202319,0,6150618,0
Ok,26-09-2025 11:35:00,1758866700,400.75,401.00,400.35,400.35,400.93,82544,0,5948299,0
Ok,26-09-2025 11:30:00,1758866400,400.80,400.95,400.60,400.80,400.59,46545,0,5865755,0
Ok,26-09-2025 11:25:00,1758866100,400.90,401.00,400.65,400.65,401.44,68956,0,5819210,0
Ok,26-09-2025 11:20:00,1758865800,401.00,401.05,400.75,400.95,400.88,75489,0,5750254,0
Ok,26-09-2025 11:15:00,1758865500,401.35,401.40,400.90,401.05,400.66,111112,0,5674765,0
Ok,26-09-2025 11:10:00,1758865200,402.10,402.15,401.25,401.40,401.69,72017,0,5563653,0
Ok,26-09-2025 11:05:00,1758864900,401.70,402.00,401.45,402.00,401.75,178504,0,5491636,0
Ok,26-09-2025 11:00:00,1758864600,401.65,402.00,401.45,401.80,401.16,74138,0,5313132,0
Ok,26-09-2025 10:55:00,1758864300,402.50,402.60,401.55,401.70,402.11,168569,0,5238994,0
Ok,26-09-2025 10:50:00,1758864000,402.95,403.20,402.50,402.60,402.66,72459,0,5070425,0
Ok,26-09-2025 10:45:00,1758863700,403.15,403.30,402.40,402.85,402.79,84995,0,4997966,0
Ok,26-09-2025 10:40:00,1758863400,402.75,403.35,402.65,403.05,403.01,130333,0,4912971,0
Ok,26-09-2025 10:35:00,1758863100,402.45,402.95,402.25,402.80,402.47,51649,0,4782638,0
Ok,26-09-2025 10:30:00,1758862800,402.45,402.80,402.20,402.40,402.44,97140,0,4730989,0
Ok,26-09-2025 10:25:00,1758862500,403.00,403.70,402.30,402.30,403.12,154964,0,4633849,0
Ok,26-09-2025 10:20:00,1758862200,403.50,403.50,402.90,402.90,403.43,88640,0,4478885,0
Ok,26-09-2025 10:15:00,1758861900,403.55,404.30,403.35,403.35,403.82,109037,0,4390245,0
Ok,26-09-2025 10:10:00,1758861600,403.65,403.70,403.30,403.45,403.42,100647,0,4281208,0
Ok,26-09-2025 10:05:00,1758861300,404.75,404.75,403.55,403.60,403.97,145204,0,4180561,0
Ok,26-09-2025 10:00:00,1758861000,405.75,406.15,404.15,404.60,405.19,439935,0,4035357,0
Ok,26-09-2025 09:55:00,1758860700,404.45,405.90,404.30,405.70,405.20,422143,0,3595422,0
Ok,26-09-2025 09:50:00,1758860400,403.30,404.50,402.90,404.35,403.64,344094,0,3173279,0
Ok,26-09-2025 09:45:00,1758860100,402.80,403.70,402.15,403.40,403.09,277348,0,2829185,0
Ok,26-09-2025 09:40:00,1758859800,401.30,402.95,401.30,402.65,402.17,229258,0,2551837,0
Ok,26-09-2025 09:35:00,1758859500,400.95,401.50,400.50,401.25,400.91,228075,0,2322579,0
Ok,26-09-2025 09:30:00,1758859200,402.00,402.25,400.25,401.05,401.02,373098,0,2094504,0
Ok,26-09-2025 09:25:00,1758858900,402.25,402.65,401.65,402.15,402.14,231043,0,1721406,0
Ok,26-09-2025 09:20:00,1758858600,403.45,403.50,401.40,402.40,402.30,543356,0,1490363,0
Ok,26-09-2025 09:15:00,1758858300,403.90,405.90,403.40,403.40,404.62,828143,0,947007,0
