stat,time,ssboe,into,inth,intl,intc,intvwap,intv,intoi,v,oi
Ok,26-09-2025 15:20:00,1758880200,324.00,324.70,323.95,324.65,324.24,221040,0,5438630,0
Ok,26-09-2025 15:15:00,1758879900,324.20,324.20,323.80,324.05,323.93,118276,0,5217590,0
Ok,26-09-2025 15:10:00,1758879600,324.20,324.40,323.95,324.15,324.31,106134,0,5099314,0
Ok,26-09-2025 15:05:00,1758879300,323.95,324.30,323.95,324.25,324.14,129199,0,4993180,0
Ok,26-09-2025 15:00:00,1758879000,323.95,324.10,323.80,324.00,323.94,104848,0,4863981,0
Ok,26-09-2025 14:55:00,1758878700,324.20,324.20,323.85,323.90,323.44,49670,0,4759133,0
Ok,26-09-2025 14:50:00,1758878400,324.30,324.50,323.70,324.25,324.27,127255,0,4709463,0
Ok,26-09-2025 14:45:00,1758878100,324.60,324.60,323.75,324.40,324.02,66249,0,4582208,0
Ok,26-09-2025 14:40:00,1758877800,323.85,324.75,323.80,324.55,324.45,47135,0,4515959,0
Ok,26-09-2025 14:35:00,1758877500,323.70,324.25,323.60,324.10,323.93,29848,0,4468824,0
Ok,26-09-2025 14:30:00,1758877200,323.60,324.00,323.45,323.55,322.95,35639,0,4438976,0
Ok,26-09-2025 14:25:00,1758876900,323.70,324.15,323.40,323.65,324.17,67870,0,4403337,0
Ok,26-09-2025 14:20:00,1758876600,323.85,324.00,323.50,323.65,323.32,40003,0,4335467,0
Ok,26-09-2025 14:15:00,1758876300,324.80,324.80,324.05,324.05,324.43,40501,0,4295464,0
Ok,26-09-2025 14:10:00,1758876000,325.00,325.00,324.70,324.75,324.71,53955,0,4254963,0
Ok,26-09-2025 14:05:00,1758875700,324.40,325.00,324.00,324.95,324.56,172406,0,4201008,0
Ok,26-09-2025 14:00:00,1758875400,323.70,324.70,323.65,324.30,324.57,81318,0,4028602,0
Ok,26-09-2025 13:55:00,1758875100,324.10,324.25,323.55,323.65,323.91,47355,0,3947284,0
Ok,26-09-2025 13:50:00,1758874800,324.15,324.15,323.75,324.05,323.34,51596,0,3899929,0
Ok,26-09-2025 13:45:00,1758874500,324.15,324.65,324.05,324.25,325.62,26232,0,3848333,0
Ok,26-09-2025 13:40:00,1758874200,324.40,324.50,324.05,324.10,323.44,34785,0,3822101,0
Ok,26-09-2025 13:35:00,1758873900,324.50,324.80,324.30,324.45,324.97,56386,0,3787316,0
Ok,26-09-2025 13:30:00,1758873600,325.50,325.55,324.55,324.55,324.78,42794,0,3730930,0
Ok,26-09-2025 13:25:00,1758873300,325.90,325.95,325.40,325.55,325.66,55593,0,3688136,0
Ok,26-09-2025 13:20:00,1758873000,326.00,326.25,325.95,325.95,326.62,37161,0,3632543,0
Ok,26-09-2025 13:15:00,1758872700,326.00,326.30,325.85,326.25,325.65,48804,0,3595382,0
Ok,26-09-2025 13:10:00,1758872400,326.55,326.55,326.00,326.20,326.78,31003,0,3546578,0
Ok,26-09-2025 13:05:00,1758872100,326.20,326.80,326.10,326.45,326.72,63483,0,3515575,0
Ok,26-09-2025 13:00:00,1758871800,326.15,326.25,325.95,326.10,325.62,24000,0,3452092,0
Ok,26-09-2025 12:55:00,1758871500,326.70,326.80,325.90,326.10,325.62,31284,0,3428092,0
Ok,26-09-2025 12:50:00,1758871200,325.95,326.80,325.70,326.80,326.26,101534,0,3396808,0
Ok,26-09-2025 12:45:00,1758870900,325.00,326.15,324.95,325.85,325.59,183910,0,3295274,0
Ok,26-09-2025 12:40:00,1758870600,324.65,325.00,324.55,324.95,324.78,74590,0,3111364,0
Ok,26-09-2025 12:35:00,1758870300,324.45,324.65,324.45,324.55,325.62,9472,0,3036774,0
Ok,26-09-2025 12:30:00,1758870000,324.70,324.70,324.20,324.40,324.23,21707,0,3027302,0
Ok,26-09-2025 12:25:00,1758869700,325.05,325.05,324.50,324.65,324.98,45937,0,3005595,0
Ok,26-09-2025 12:20:00,1758869400,324.30,325.10,324.25,324.95,324.75,33148,0,2959658,0
Ok,26-09-2025 12:15:00,1758869100,324.40,324.45,324.05,324.25,324.09,55618,0,2926510,0
Ok,26-09-2025 12:10:00,1758868800,324.30,324.40,324.25,324.35,324.52,24625,0,2870892,0
Ok,26-09-2025 12:05:00,1758868500,324.20,324.55,324.00,324.25,324.45,45365,0,2846267,0
Ok,26-09-2025 12:00:00,1758868200,324.60,324.60,323.85,324.15,324.43,64440,0,2800902,0
Ok,26-09-2025 11:55:00,1758867900,324.60,324.80,324.35,324.55,324.65,49701,0,2736462,0
Ok,26-09-2025 11:50:00,1758867600,324.60,325.05,324.45,324.55,324.69,49698,0,2686761,0
Ok,26-09-2025 11:45:00,1758867300,324.25,324.75,324.20,324.65,324.36,36857,0,2637063,0
Ok,26-09-2025 11:40:00,1758867000,323.60,324.65,323.55,324.20,324.56,41493,0,2600206,0
Ok,26-09-2025 11:35:00,1758866700,324.20,324.20,323.50,323.65,324.08,57848,0,2558713,0
Ok,26-09-2025 11:30:00,1758866400,323.55,324.25,323.55,324.15,323.82,60297,0,2500865,0
Ok,26-09-2025 11:25:00,1758866100,323.65,323.95,323.50,323.60,323.99,62359,0,2440568,0
Ok,26-09-2025 11:20:00,1758865800,323.05,323.70,323.05,323.50,322.92,46160,0,2378209,0
Ok,26-09-2025 11:15:00,1758865500,324.15,324.15,322.95,323.15,323.49,89183,0,2332049,0
Ok,26-09-2025 11:10:00,1758865200,324.35,324.45,323.95,324.05,324.29,36277,0,2242866,0
Ok,26-09-2025 11:05:00,1758864900,324.60,324.85,323.85,324.30,324.25,110633,0,2206589,0
Ok,26-09-2025 11:00:00,1758864600,325.40,325.45,324.70,324.70,325.08,86615,0,2095956,0
Ok,26-09-2025 10:55:00,1758864300,325.80,325.90,325.45,325.45,325.85,44471,0,2009341,0
Ok,26-09-2025 10:50:00,1758864000,325.65,326.20,325.60,325.75,325.75,68294,0,1964870,0
Ok,26-09-2025 10:45:00,1758863700,325.40,325.75,325.30,325.70,325.63,26829,0,1896576,0
Ok,26-09-2025 10:40:00,1758863400,325.90,326.10,325.45,325.45,325.52,44707,0,1869747,0
Ok,26-09-2025 10:35:00,1758863100,325.65,325.90,325.50,325.85,326.04,56205,0,1825040,0
Ok,26-09-2025 10:30:00,1758862800,325.60,325.80,325.35,325.60,325.43,37151,0,1768835,0
Ok,26-09-2025 10:25:00,1758862500,325.95,326.10,325.55,325.55,326.05,50305,0,1731684,0
Ok,26-09-2025 10:20:00,1758862200,325.50,326.60,325.40,326.00,325.99,79500,0,1681379,0
Ok,26-09-2025 10:15:00,1758861900,325.55,326.20,325.45,325.45,325.84,54610,0,1601879,0
Ok,26-09-2025 10:10:00,1758861600,325.30,325.75,325.00,325.50,325.41,58110,0,1547269,0
Ok,26-09-2025 10:05:00,1758861300,325.75,325.75,325.05,325.25,325.24,58470,0,1489159,0
Ok,26-09-2025 10:00:00,1758861000,326.50,326.50,325.70,325.70,326.21,44087,0,1430689,0
Ok,26-09-2025 09:55:00,1758860700,325.75,326.50,325.75,326.40,326.27,50905,0,1386602,0
Ok,26-09-2025 09:50:00,1758860400,325.25,326.05,325.25,325.80,325.64,109364,0,1335697,0
Ok,26-09-2025 09:45:00,1758860100,325.05,325.45,324.90,325.20,325.17,86539,0,1226333,0
Ok,26-09-2025 09:40:00,1758859800,325.00,325.85,324.90,325.00,325.47,91241,0,1139794,0
Ok,26-09-2025 09:35:00,1758859500,324.95,325.25,324.55,325.05,324.81,89909,0,1048553,0
Ok,26-09-2025 09:30:00,1758859200,324.50,325.00,324.50,324.85,324.76,115483,0,958644,0
Ok,26-09-2025 09:25:00,1758858900,327.50,327.60,324.20,324.65,326.08,314407,0,843161,0
Ok,26-09-2025 09:20:00,1758858600,327.20,327.40,326.00,327.30,326.57,218520,0,528754,0
Ok,26-09-2025 09:15:00,1758858300,328.80,329.95,327.30,327.30,329.13,295464,0,310234,0
