stat,time,ssboe,into,inth,intl,intc,intvwap,intv,intoi,v,oi
Ok,26-09-2025 15:20:00,1758880200,359.20,359.75,359.00,359.55,358.93,11490,0,501204,0
Ok,26-09-2025 15:15:00,1758879900,359.40,359.55,359.00,359.10,359.40,10557,0,489714,0
Ok,26-09-2025 15:10:00,1758879600,359.50,359.60,359.05,359.25,359.62,12206,0,479157,0
Ok,26-09-2025 15:05:00,1758879300,359.20,359.45,359.00,359.45,360.46,2305,0,466951,0
Ok,26-09-2025 15:00:00,1758879000,359.30,359.45,359.00,359.00,358.44,1850,0,464646,0
Ok,26-09-2025 14:55:00,1758878700,359.00,359.40,358.80,359.10,359.46,4465,0,462796,0
Ok,26-09-2025 14:50:00,1758878400,359.40,359.45,359.05,359.05,358.43,2626,0,458331,0
Ok,26-09-2025 14:45:00,1758878100,359.20,359.45,359.10,359.35,358.43,2527,0,455705,0
Ok,26-09-2025 14:40:00,1758877800,359.10,359.35,359.10,359.25,360.45,2222,0,453178,0
Ok,26-09-2025 14:35:00,1758877500,359.10,359.20,359.00,359.10,358.42,1444,0,450956,0
Ok,26-09-2025 14:30:00,1758877200,358.85,359.25,358.75,359.05,359.67,3539,0,449512,0
Ok,26-09-2025 14:25:00,1758876900,359.05,359.30,359.00,359.25,358.87,18339,0,445973,0
Ok,26-09-2025 14:20:00,1758876600,359.45,359.70,359.00,359.00,358.39,2416,0,427634,0
Ok,26-09-2025 14:15:00,1758876300,359.45,359.80,359.15,359.70,360.45,4085,0,425218,0
Ok,26-09-2025 14:10:00,1758876000,358.95,359.60,358.95,359.50,359.38,8067,0,421133,0
Ok,26-09-2025 14:05:00,1758875700,359.10,359.20,359.00,359.00,359.07,5574,0,413066,0
Ok,26-09-2025 14:00:00,1758875400,358.50,359.00,358.20,359.00,358.52,20294,0,407492,0
Ok,26-09-2025 13:55:00,1758875100,358.50,358.70,358.45,358.70,358.33,2278,0,387198,0
Ok,26-09-2025 13:50:00,1758874800,358.50,358.75,358.10,358.50,358.46,26518,0,384920,0
Ok,26-09-2025 13:45:00,1758874500,358.55,358.75,358.35,358.75,358.70,8906,0,358402,0
Ok,26-09-2025 13:40:00,1758874200,358.15,358.75,358.15,358.50,358.31,4646,0,349496,0
Ok,26-09-2025 13:35:00,1758873900,358.35,358.80,358.20,358.20,358.31,2044,0,344850,0
Ok,26-09-2025 13:30:00,1758873600,359.10,359.10,357.80,358.00,358.77,49469,0,342806,0
Ok,26-09-2025 13:25:00,1758873300,358.90,359.10,358.45,359.00,358.82,55435,0,293337,0
Ok,26-09-2025 13:20:00,1758873000,358.80,359.10,358.80,359.10,359.12,2275,0,237902,0
Ok,26-09-2025 13:15:00,1758872700,359.00,359.10,359.00,359.00,358.74,6861,0,235627,0
Ok,26-09-2025 13:10:00,1758872400,359.05,359.10,358.80,359.00,359.57,1501,0,228766,0
Ok,26-09-2025 13:05:00,1758872100,359.10,359.10,359.05,359.10,358.05,346,0,227265,0
Ok,26-09-2025 13:00:00,1758871800,359.40,359.45,359.10,359.10,361.16,726,0,226919,0
Ok,26-09-2025 12:55:00,1758871500,359.10,359.40,359.05,359.10,358.04,413,0,226193,0
Ok,26-09-2025 12:50:00,1758871200,359.00,359.25,359.00,359.10,358.04,312,0,225780,0
Ok,26-09-2025 12:45:00,1758870900,359.10,359.25,358.80,359.00,358.04,365,0,225468,0
Ok,26-09-2025 12:40:00,1758870600,358.80,359.05,358.75,359.05,358.92,7327,0,225103,0
Ok,26-09-2025 12:35:00,1758870300,358.85,359.10,358.75,359.00,359.02,2116,0,217776,0
Ok,26-09-2025 12:30:00,1758870000,358.75,359.10,358.75,359.00,359.14,3703,0,215660,0
Ok,26-09-2025 12:25:00,1758869700,359.10,359.20,358.90,358.95,358.72,2786,0,211957,0
Ok,26-09-2025 12:20:00,1758869400,359.10,359.20,358.90,359.15,357.97,860,0,209171,0
Ok,26-09-2025 12:15:00,1758869100,359.00,359.05,358.70,359.05,359.11,5271,0,208311,0
Ok,26-09-2025 12:10:00,1758868800,358.90,359.10,358.90,359.10,360.69,1461,0,203040,0
Ok,26-09-2025 12:05:00,1758868500,359.00,359.10,358.90,359.00,357.92,1870,0,201579,0
Ok,26-09-2025 12:00:00,1758868200,359.15,359.20,358.85,359.05,357.92,1312,0,199709,0
Ok,26-09-2025 11:55:00,1758867900,359.25,359.25,358.95,359.00,359.38,2672,0,198397,0
Ok,26-09-2025 11:50:00,1758867600,358.20,359.05,358.20,359.05,358.78,2185,0,195725,0
Ok,26-09-2025 11:45:00,1758867300,358.50,358.50,357.95,358.00,357.89,2962,0,193540,0
Ok,26-09-2025 11:40:00,1758867000,359.05,359.25,357.55,358.25,358.14,7044,0,190578,0
Ok,26-09-2025 11:35:00,1758866700,359.00,359.15,359.00,359.00,359.05,1541,0,183534,0
Ok,26-09-2025 11:30:00,1758866400,358.95,359.15,358.85,359.10,359.69,1973,0,181993,0
Ok,26-09-2025 11:25:00,1758866100,359.00,359.55,358.95,359.15,358.92,7988,0,180020,0
Ok,26-09-2025 11:20:00,1758865800,357.55,359.10,357.55,359.10,358.12,9979,0,172032,0
Ok,26-09-2025 11:15:00,1758865500,357.25,357.70,357.05,357.70,356.99,4045,0,162053,0
Ok,26-09-2025 11:10:00,1758865200,356.45,357.20,356.30,357.20,357.20,2634,0,158008,0
Ok,26-09-2025 11:05:00,1758864900,356.00,356.40,356.00,356.40,355.93,2455,0,155374,0
Ok,26-09-2025 11:00:00,1758864600,356.70,356.90,356.05,356.05,356.74,10465,0,152919,0
Ok,26-09-2025 10:55:00,1758864300,357.20,357.20,356.70,356.85,356.60,2136,0,142454,0
Ok,26-09-2025 10:50:00,1758864000,357.50,357.50,356.70,357.20,356.75,3477,0,140318,0
Ok,26-09-2025 10:45:00,1758863700,357.70,357.70,357.15,357.55,357.97,845,0,136841,0
Ok,26-09-2025 10:40:00,1758863400,357.50,357.60,357.20,357.40,357.97,717,0,135996,0
Ok,26-09-2025 10:35:00,1758863100,357.20,357.50,357.15,357.50,357.11,1570,0,135279,0
Ok,26-09-2025 10:30:00,1758862800,356.75,357.00,356.50,357.00,356.90,3626,0,133709,0
Ok,26-09-2025 10:25:00,1758862500,356.40,357.00,356.40,356.65,356.35,2322,0,130083,0
Ok,26-09-2025 10:20:00,1758862200,356.80,356.90,356.20,356.50,356.72,970,0,127761,0
Ok,26-09-2025 10:15:00,1758861900,357.20,357.20,356.35,356.75,356.63,1776,0,126791,0
Ok,26-09-2025 10:10:00,1758861600,356.60,357.05,356.20,357.05,356.59,10847,0,125015,0
Ok,26-09-2025 10:05:00,1758861300,357.00,357.25,356.40,356.65,357.04,1929,0,114168,0
Ok,26-09-2025 10:00:00,1758861000,358.20,358.20,356.90,357.20,357.24,7485,0,112239,0
Ok,26-09-2025 09:55:00,1758860700,357.95,358.30,357.80,358.05,358.30,1417,0,104754,0
Ok,26-09-2025 09:50:00,1758860400,357.95,358.35,357.40,357.90,357.90,5007,0,103337,0
Ok,26-09-2025 09:45:00,1758860100,357.30,358.00,357.10,358.00,357.55,3745,0,98330,0
Ok,26-09-2025 09:40:00,1758859800,356.95,357.40,356.65,357.40,357.05,5537,0,94585,0
Ok,26-09-2025 09:35:00,1758859500,355.50,356.80,355.00,356.80,355.47,8945,0,89048,0
Ok,26-09-2025 09:30:00,1758859200,356.70,356.70,355.10,355.60,355.79,15650,0,80103,0
Ok,26-09-2025 09:25:00,1758858900,360.10,360.30,356.60,356.75,358.31,26808,0,64453,0
Ok,26-09-2025 09:20:00,1758858600,359.55,360.05,359.30,360.00,359.59,12420,0,37645,0
Ok,26-09-2025 09:15:00,1758858300,360.30,361.90,359.45,359.45,360.70,23520,0,25225,0
