stat,time,ssboe,into,inth,intl,intc,intvwap,intv,intoi,v,oi
Ok,26-09-2025 15:20:00,1758880200,867.80,868.60,866.75,866.80,867.25,1842,0,201351,0
Ok,26-09-2025 15:15:00,1758879900,869.05,870.50,867.05,867.40,868.79,3057,0,199509,0
Ok,26-09-2025 15:10:00,1758879600,869.55,869.55,868.85,868.85,871.85,814,0,196452,0
Ok,26-09-2025 15:05:00,1758879300,869.50,870.00,868.20,869.95,868.92,3716,0,195638,0
Ok,26-09-2025 15:00:00,1758879000,868.35,869.40,867.20,869.05,868.03,2689,0,191922,0
Ok,26-09-2025 14:55:00,1758878700,871.65,872.35,869.00,869.00,870.37,2073,0,189233,0
Ok,26-09-2025 14:50:00,1758878400,870.35,873.45,869.30,871.85,871.84,5323,0,187160,0
Ok,26-09-2025 14:45:00,1758878100,870.70,871.30,869.75,870.55,869.39,707,0,181837,0
Ok,26-09-2025 14:40:00,1758877800,873.45,873.45,870.00,870.20,871.74,2274,0,181130,0
Ok,26-09-2025 14:35:00,1758877500,872.75,873.85,870.65,872.55,871.38,1749,0,178856,0
Ok,26-09-2025 14:30:00,1758877200,875.00,875.00,871.20,872.00,873.62,822,0,177107,0
Ok,26-09-2025 14:25:00,1758876900,869.80,877.45,869.80,874.15,874.43,6956,0,176285,0
Ok,26-09-2025 14:20:00,1758876600,868.00,869.90,867.30,869.90,869.11,952,0,169329,0
Ok,26-09-2025 14:15:00,1758876300,878.25,878.25,868.85,868.85,872.44,5842,0,168377,0
Ok,26-09-2025 14:10:00,1758876000,878.40,879.60,877.10,877.60,876.23,1113,0,162535,0
Ok,26-09-2025 14:05:00,1758875700,878.20,879.45,877.40,878.00,879.36,1076,0,161422,0
Ok,26-09-2025 14:00:00,1758875400,879.55,879.55,878.05,879.10,878.41,502,0,160346,0
Ok,26-09-2025 13:55:00,1758875100,878.80,879.70,878.15,879.10,878.13,514,0,159844,0
Ok,26-09-2025 13:50:00,1758874800,877.65,878.95,876.50,878.85,878.07,3199,0,159330,0
Ok,26-09-2025 13:45:00,1758874500,877.30,877.90,876.75,877.60,879.25,439,0,156131,0
Ok,26-09-2025 13:40:00,1758874200,877.00,878.20,876.80,877.60,876.05,416,0,155692,0
Ok,26-09-2025 13:35:00,1758873900,876.85,877.35,875.65,876.95,877.02,913,0,155276,0
Ok,26-09-2025 13:30:00,1758873600,878.30,878.30,876.00,877.00,875.55,2374,0,154363,0
Ok,26-09-2025 13:25:00,1758873300,881.10,882.00,877.10,878.20,879.97,5935,0,151989,0
Ok,26-09-2025 13:20:00,1758873000,877.95,881.20,876.40,880.80,878.89,1581,0,146054,0
Ok,26-09-2025 13:15:00,1758872700,877.00,877.85,876.50,877.85,877.59,442,0,144473,0
Ok,26-09-2025 13:10:00,1758872400,877.80,878.90,877.05,877.95,877.72,721,0,144031,0
Ok,26-09-2025 13:05:00,1758872100,875.75,877.95,874.90,877.90,876.96,310,0,143310,0
Ok,26-09-2025 13:00:00,1758871800,875.60,875.80,875.15,875.15,867.72,42,0,143000,0
Ok,26-09-2025 12:55:00,1758871500,875.90,876.40,875.40,875.60,873.47,248,0,142958,0
Ok,26-09-2025 12:50:00,1758871200,875.45,875.90,874.95,874.95,881.47,207,0,142710,0
Ok,26-09-2025 12:45:00,1758870900,875.85,875.90,874.30,875.90,873.04,530,0,142503,0
Ok,26-09-2025 12:40:00,1758870600,875.25,875.90,875.25,875.85,877.85,278,0,141973,0
Ok,26-09-2025 12:35:00,1758870300,875.90,875.90,875.10,875.20,876.17,166,0,141695,0
Ok,26-09-2025 12:30:00,1758870000,876.35,876.35,875.90,875.90,874.46,619,0,141529,0
Ok,26-09-2025 12:25:00,1758869700,877.35,878.80,876.35,876.35,876.25,2085,0,140910,0
Ok,26-09-2025 12:20:00,1758869400,871.20,873.75,871.20,873.75,873.32,237,0,138825,0
Ok,26-09-2025 12:15:00,1758869100,872.00,872.85,871.20,871.20,872.29,572,0,138588,0
Ok,26-09-2025 12:10:00,1758868800,869.60,872.05,868.80,872.05,871.19,1456,0,138016,0
Ok,26-09-2025 12:05:00,1758868500,870.05,870.35,869.55,869.80,867.41,217,0,136560,0
Ok,26-09-2025 12:00:00,1758868200,871.55,871.55,868.85,869.40,871.64,321,0,136343,0
Ok,26-09-2025 11:55:00,1758867900,870.15,871.55,870.15,871.55,867.40,62,0,136022,0
Ok,26-09-2025 11:50:00,1758867600,870.85,871.00,869.50,869.50,867.40,127,0,135960,0
Ok,26-09-2025 11:45:00,1758867300,870.65,871.85,870.65,871.20,867.40,98,0,135833,0
Ok,26-09-2025 11:40:00,1758867000,872.50,872.50,869.35,870.90,870.83,1174,0,135735,0
Ok,26-09-2025 11:35:00,1758866700,872.90,872.90,871.70,872.65,873.87,412,0,134561,0
Ok,26-09-2025 11:30:00,1758866400,874.15,874.35,871.45,872.50,872.56,2522,0,134149,0
Ok,26-09-2025 11:25:00,1758866100,876.65,876.95,874.50,874.85,867.25,177,0,131627,0
Ok,26-09-2025 11:20:00,1758865800,876.75,876.75,875.90,876.65,877.05,401,0,131450,0
Ok,26-09-2025 11:15:00,1758865500,877.70,877.90,877.05,877.25,867.22,66,0,131049,0
Ok,26-09-2025 11:10:00,1758865200,877.90,877.90,877.00,877.00,881.13,94,0,130983,0
Ok,26-09-2025 11:05:00,1758864900,875.95,880.00,875.25,878.65,877.57,2718,0,130889,0
Ok,26-09-2025 11:00:00,1758864600,877.50,877.50,875.95,875.95,876.42,944,0,128171,0
Ok,26-09-2025 10:55:00,1758864300,878.30,882.10,877.75,877.90,880.67,3595,0,127227,0
Ok,26-09-2025 10:50:00,1758864000,878.05,880.90,876.95,878.95,879.93,11599,0,123632,0
Ok,26-09-2025 10:45:00,1758863700,877.90,878.10,876.60,878.10,872.91,430,0,112033,0
Ok,26-09-2025 10:40:00,1758863400,877.00,877.65,877.00,877.00,877.59,356,0,111603,0
Ok,26-09-2025 10:35:00,1758863100,877.30,878.00,876.90,877.00,876.83,564,0,111247,0
Ok,26-09-2025 10:30:00,1758862800,877.50,878.00,876.75,877.00,878.47,734,0,110683,0
Ok,26-09-2025 10:25:00,1758862500,871.95,877.85,871.35,877.45,874.39,6642,0,109949,0
Ok,26-09-2025 10:20:00,1758862200,871.45,872.10,870.80,871.10,871.15,450,0,103307,0
Ok,26-09-2025 10:15:00,1758861900,866.50,873.55,866.50,871.70,869.13,4252,0,102857,0
Ok,26-09-2025 10:10:00,1758861600,867.00,867.00,865.00,866.30,865.16,8157,0,98605,0
Ok,26-09-2025 10:05:00,1758861300,867.20,867.20,865.00,866.85,865.75,3383,0,90448,0
Ok,26-09-2025 10:00:00,1758861000,870.05,870.05,866.65,867.60,868.13,408,0,87065,0
Ok,26-09-2025 09:55:00,1758860700,875.45,875.45,869.00,870.05,873.60,7851,0,86657,0
Ok,26-09-2025 09:50:00,1758860400,876.25,876.35,875.00,875.40,875.05,3351,0,78806,0
Ok,26-09-2025 09:45:00,1758860100,869.35,877.90,869.35,877.00,875.25,8420,0,75455,0
Ok,26-09-2025 09:40:00,1758859800,865.00,870.40,865.00,869.35,867.48,979,0,67035,0
Ok,26-09-2025 09:35:00,1758859500,862.70,864.00,861.55,864.00,862.99,831,0,66056,0
Ok,26-09-2025 09:30:00,1758859200,862.85,862.85,859.80,861.70,860.41,3329,0,65225,0
Ok,26-09-2025 09:25:00,1758858900,861.75,863.50,857.45,862.70,860.95,4982,0,61896,0
Ok,26-09-2025 09:20:00,1758858600,858.30,861.00,856.00,861.00,857.90,1648,0,56914,0
Ok,26-09-2025 09:15:00,1758858300,860.00,866.95,857.95,857.95,860.52,52154,0,55266,0
