stat,time,ssboe,into,inth,intl,intc,intvwap,intv,intoi,v,oi
Ok,11-09-2025 15:25:00,1757584500,2037.70,2038.40,2036.30,2037.00,2037.30,23633,0,720785,0
Ok,11-09-2025 15:20:00,1757584200,2037.20,2038.50,2036.30,2038.00,2036.98,15207,0,697152,0
Ok,11-09-2025 15:15:00,1757583900,2037.80,2038.40,2036.10,2037.70,2037.36,20335,0,681945,0
Ok,11-09-2025 15:10:00,1757583600,2039.00,2039.10,2037.20,2037.60,2037.69,11679,0,661610,0
Ok,11-09-2025 15:05:00,1757583300,2039.60,2039.90,2038.50,2039.40,2038.70,7134,0,649931,0
Ok,11-09-2025 15:00:00,1757583000,2040.00,2041.40,2038.70,2039.90,2039.80,13121,0,642797,0
Ok,11-09-2025 14:55:00,1757582700,2040.10,2041.00,2038.40,2040.40,2039.51,15241,0,629676,0
Ok,11-09-2025 14:50:00,1757582400,2041.10,2042.00,2040.50,2041.30,2040.89,2400,0,614435,0
Ok,11-09-2025 14:45:00,1757582100,2041.20,2042.90,2040.80,2041.20,2042.36,9151,0,612035,0
Ok,11-09-2025 14:40:00,1757581800,2043.00,2043.40,2041.00,2042.00,2041.91,3843,0,602884,0
Ok,11-09-2025 14:35:00,1757581500,2040.30,2043.40,2040.30,2043.20,2042.22,10715,0,599041,0
Ok,11-09-2025 14:30:00,1757581200,2041.10,2041.40,2038.20,2040.60,2039.84,10678,0,588326,0
Ok,11-09-2025 14:25:00,1757580900,2040.40,2041.90,2040.40,2041.50,2041.28,7787,0,577648,0
Ok,11-09-2025 14:20:00,1757580600,2039.90,2040.80,2039.70,2040.70,2039.22,4393,0,569861,0
Ok,11-09-2025 14:15:00,1757580300,2039.30,2040.00,2039.10,2040.00,2040.20,2310,0,565468,0
Ok,11-09-2025 14:10:00,1757580000,2039.80,2039.90,2038.70,2039.80,2041.53,1802,0,563158,0
Ok,11-09-2025 14:05:00,1757579700,2039.50,2040.00,2038.80,2039.20,2038.52,1729,0,561356,0
Ok,11-09-2025 14:00:00,1757579400,2039.90,2039.90,2037.10,2039.00,2037.72,2280,0,559627,0
Ok,11-09-2025 13:55:00,1757579100,2038.10,2039.90,2037.20,2039.80,2038.33,7179,0,557347,0
Ok,11-09-2025 13:50:00,1757578800,2039.60,2040.00,2037.60,2039.00,2038.07,1925,0,550168,0
Ok,11-09-2025 13:45:00,1757578500,2035.80,2040.00,2035.80,2040.00,2036.74,30450,0,548243,0
Ok,11-09-2025 13:40:00,1757578200,2038.50,2039.20,2035.80,2036.00,2036.26,21663,0,517793,0
Ok,11-09-2025 13:35:00,1757577900,2037.90,2038.90,2036.80,2038.20,2037.53,2011,0,496130,0
Ok,11-09-2025 13:30:00,1757577600,2036.40,2038.10,2036.30,2037.30,2036.77,8519,0,494119,0
Ok,11-09-2025 13:25:00,1757577300,2035.90,2036.40,2035.30,2036.30,2035.98,14944,0,485600,0
Ok,11-09-2025 13:20:00,1757577000,2037.50,2037.50,2035.40,2036.00,2036.61,8613,0,470656,0
Ok,11-09-2025 13:15:00,1757576700,2037.40,2038.30,2036.40,2037.30,2037.42,9243,0,462043,0
Ok,11-09-2025 13:10:00,1757576400,2037.10,2038.20,2036.20,2038.20,2037.59,13142,0,452800,0
Ok,11-09-2025 13:05:00,1757576100,2038.90,2039.30,2036.40,2037.00,2038.27,12448,0,439658,0
Ok,11-09-2025 13:00:00,1757575800,2035.50,2039.30,2035.10,2038.80,2036.84,11866,0,427210,0
Ok,11-09-2025 12:55:00,1757575500,2035.10,2035.90,2035.00,2035.90,2034.69,2255,0,415344,0
Ok,11-09-2025 12:50:00,1757575200,2035.00,2036.00,2033.70,2035.90,2035.79,14383,0,413089,0
Ok,11-09-2025 12:45:00,1757574900,2035.00,2035.70,2033.10,2034.00,2033.95,5668,0,398706,0
Ok,11-09-2025 12:40:00,1757574600,2035.10,2035.80,2034.90,2035.30,2035.99,2911,0,393038,0
Ok,11-09-2025 12:35:00,1757574300,2038.70,2038.80,2034.50,2035.00,2037.25,25144,0,390127,0
Ok,11-09-2025 12:30:00,1757574000,2037.90,2039.00,2037.70,2039.00,2037.87,3183,0,364983,0
Ok,11-09-2025 12:25:00,1757573700,2036.50,2039.60,2036.10,2037.50,2038.38,5418,0,361800,0
Ok,11-09-2025 12:20:00,1757573400,2036.20,2038.00,2036.20,2036.60,2036.92,2782,0,356382,0
Ok,11-09-2025 12:15:00,1757573100,2036.10,2037.20,2035.00,2036.80,2035.90,2271,0,353600,0
Ok,11-09-2025 12:10:00,1757572800,2034.90,2036.80,2034.60,2036.00,2035.62,2730,0,351329,0
Ok,11-09-2025 12:05:00,1757572500,2032.00,2035.00,2032.00,2035.00,2032.72,40098,0,348599,0
Ok,11-09-2025 12:00:00,1757572200,2032.10,2034.90,2031.80,2034.90,2032.51,33814,0,308501,0
Ok,11-09-2025 11:55:00,1757571900,2031.20,2032.50,2031.20,2032.00,2031.52,5749,0,274687,0
Ok,11-09-2025 11:50:00,1757571600,2030.90,2034.30,2030.50,2031.10,2032.52,16204,0,268938,0
Ok,11-09-2025 11:45:00,1757571300,2029.40,2032.40,2029.40,2031.40,2031.06,18372,0,252734,0
Ok,11-09-2025 11:40:00,1757571000,2031.00,2031.10,2029.20,2030.00,2030.66,9639,0,234362,0
Ok,11-09-2025 11:35:00,1757570700,2033.20,2033.20,2030.10,2030.90,2031.17,28418,0,224723,0
Ok,11-09-2025 11:30:00,1757570400,2032.90,2034.10,2032.00,2032.40,2033.56,7307,0,196305,0
Ok,11-09-2025 11:25:00,1757570100,2032.90,2033.00,2032.40,2033.00,2032.72,9649,0,188998,0
Ok,11-09-2025 11:20:00,1757569800,2033.00,2033.00,2032.20,2033.00,2032.91,11417,0,179349,0
Ok,11-09-2025 11:15:00,1757569500,2032.90,2033.00,2032.40,2032.60,2033.09,3215,0,167932,0
Ok,11-09-2025 11:10:00,1757569200,2032.70,2033.00,2031.90,2033.00,2032.04,3089,0,164717,0
Ok,11-09-2025 11:05:00,1757568900,2032.00,2032.70,2030.90,2032.50,2033.02,1258,0,161628,0
Ok,11-09-2025 11:00:00,1757568600,2028.60,2032.60,2028.60,2031.80,2030.88,12362,0,160370,0
Ok,11-09-2025 10:55:00,1757568300,2032.40,2032.40,2029.20,2030.60,2030.66,4078,0,148008,0
Ok,11-09-2025 10:50:00,1757568000,2032.90,2033.00,2031.00,2032.50,2031.96,5676,0,143930,0
Ok,11-09-2025 10:45:00,1757567700,2032.60,2033.00,2030.10,2032.80,2031.32,16056,0,138254,0
Ok,11-09-2025 10:40:00,1757567400,2032.30,2033.00,2032.00,2032.80,2032.93,12649,0,122198,0
Ok,11-09-2025 10:35:00,1757567100,2036.00,2036.00,2031.00,2032.00,2032.93,18100,0,109549,0
Ok,11-09-2025 10:30:00,1757566800,2037.40,2038.00,2035.20,2035.20,2036.89,1952,0,91449,0
Ok,11-09-2025 10:25:00,1757566500,2035.10,2037.60,2035.10,2037.60,2035.72,2131,0,89497,0
Ok,11-09-2025 10:20:00,1757566200,2037.40,2038.00,2034.80,2035.00,2036.45,11751,0,87366,0
Ok,11-09-2025 10:15:00,1757565900,2038.20,2039.00,2036.50,2037.50,2037.66,2893,0,75615,0
Ok,11-09-2025 10:10:00,1757565600,2037.60,2040.30,2036.80,2038.10,2038.26,3545,0,72722,0
Ok,11-09-2025 10:05:00,1757565300,2038.50,2040.80,2036.40,2037.50,2038.12,6878,0,69177,0
Ok,11-09-2025 10:00:00,1757565000,2040.40,2041.30,2038.00,2039.00,2039.66,3766,0,62299,0
Ok,11-09-2025 09:55:00,1757564700,2040.50,2041.20,2038.50,2040.30,2039.96,4595,0,58533,0
Ok,11-09-2025 09:50:00,1757564400,2040.10,2041.00,2038.00,2040.80,2039.15,5216,0,53938,0
Ok,11-09-2025 09:45:00,1757564100,2038.50,2041.40,2038.00,2039.00,2039.72,4115,0,48722,0
Ok,11-09-2025 09:40:00,1757563800,2045.00,2045.00,2038.30,2038.30,2042.09,5473,0,44607,0
Ok,11-09-2025 09:35:00,1757563500,2047.70,2047.80,2043.90,2045.50,2045.49,3282,0,39134,0
Ok,11-09-2025 09:30:00,1757563200,2044.90,2048.80,2042.50,2047.00,2045.78,9411,0,35852,0
Ok,11-09-2025 09:25:00,1757562900,2042.90,2045.00,2042.00,2044.30,2043.32,5267,0,26441,0
Ok,11-09-2025 09:20:00,1757562600,2045.00,2045.50,2042.00,2043.00,2044.16,6577,0,21174,0
Ok,11-09-2025 09:15:00,1757562300,2039.50,2046.90,2037.40,2046.00,2040.84,14597,0,14597,0
