stat,time,ssboe,into,inth,intl,intc,intvwap,intv,intoi,v,oi
Ok,11-09-2025 15:25:00,1757584500,2621.70,2627.00,2618.60,2626.70,2621.18,31520,0,1212663,0
Ok,11-09-2025 15:20:00,1757584200,2621.90,2625.20,2619.60,2621.80,2622.07,48460,0,1181143,0
Ok,11-09-2025 15:15:00,1757583900,2623.00,2628.10,2620.00,2622.00,2623.76,94276,0,1132683,0
Ok,11-09-2025 15:10:00,1757583600,2618.80,2624.10,2618.30,2622.90,2620.31,101627,0,1038407,0
Ok,11-09-2025 15:05:00,1757583300,2626.10,2627.50,2614.20,2619.20,2620.57,93295,0,936780,0
Ok,11-09-2025 15:00:00,1757583000,2626.00,2628.60,2618.00,2626.20,2623.45,116694,0,843485,0
Ok,11-09-2025 14:55:00,1757582700,2629.10,2629.80,2621.30,2625.90,2625.73,59767,0,726791,0
Ok,11-09-2025 14:50:00,1757582400,2633.90,2634.00,2628.40,2630.00,2630.86,22033,0,667024,0
Ok,11-09-2025 14:45:00,1757582100,2633.80,2635.30,2631.10,2634.00,2633.33,24559,0,644991,0
Ok,11-09-2025 14:40:00,1757581800,2635.40,2635.40,2632.10,2633.20,2633.01,6932,0,620432,0
Ok,11-09-2025 14:35:00,1757581500,2635.80,2636.10,2631.90,2635.60,2634.24,30948,0,613500,0
Ok,11-09-2025 14:30:00,1757581200,2636.60,2636.60,2633.20,2635.70,2634.65,26734,0,582552,0
Ok,11-09-2025 14:25:00,1757580900,2637.20,2637.90,2635.60,2636.40,2637.26,7167,0,555818,0
Ok,11-09-2025 14:20:00,1757580600,2639.70,2639.70,2635.00,2637.40,2636.70,10205,0,548651,0
Ok,11-09-2025 14:15:00,1757580300,2640.90,2641.90,2639.00,2639.90,2640.73,11233,0,538446,0
Ok,11-09-2025 14:10:00,1757580000,2640.80,2641.00,2640.10,2641.00,2641.20,4390,0,527213,0
Ok,11-09-2025 14:05:00,1757579700,2639.80,2641.00,2638.90,2640.90,2640.13,7679,0,522823,0
Ok,11-09-2025 14:00:00,1757579400,2639.90,2640.00,2637.80,2640.00,2639.31,9460,0,515144,0
Ok,11-09-2025 13:55:00,1757579100,2638.80,2640.20,2638.70,2640.00,2639.52,6613,0,505684,0
Ok,11-09-2025 13:50:00,1757578800,2637.50,2639.50,2636.80,2638.60,2638.76,9601,0,499071,0
Ok,11-09-2025 13:45:00,1757578500,2637.00,2639.30,2633.10,2637.40,2635.80,34015,0,489470,0
Ok,11-09-2025 13:40:00,1757578200,2634.90,2637.70,2634.40,2636.90,2636.16,4812,0,455455,0
Ok,11-09-2025 13:35:00,1757577900,2634.10,2635.10,2633.40,2634.60,2634.56,5022,0,450643,0
Ok,11-09-2025 13:30:00,1757577600,2633.80,2634.30,2633.80,2634.30,2634.31,4653,0,445621,0
Ok,11-09-2025 13:25:00,1757577300,2633.30,2634.20,2633.20,2634.00,2634.17,5303,0,440968,0
Ok,11-09-2025 13:20:00,1757577000,2632.70,2633.40,2631.20,2633.40,2632.52,7733,0,435665,0
Ok,11-09-2025 13:15:00,1757576700,2632.80,2632.90,2632.30,2632.90,2632.98,2698,0,427932,0
Ok,11-09-2025 13:10:00,1757576400,2633.30,2633.50,2632.00,2632.90,2633.67,2246,0,425234,0
Ok,11-09-2025 13:05:00,1757576100,2634.90,2635.00,2633.00,2633.50,2633.27,2767,0,422988,0
Ok,11-09-2025 13:00:00,1757575800,2635.00,2636.10,2633.50,2634.50,2635.03,40082,0,420221,0
Ok,11-09-2025 12:55:00,1757575500,2634.90,2636.00,2633.40,2635.20,2634.66,16122,0,380139,0
Ok,11-09-2025 12:50:00,1757575200,2634.90,2635.00,2633.90,2635.00,2635.32,2277,0,364017,0
Ok,11-09-2025 12:45:00,1757574900,2639.70,2640.00,2634.20,2635.00,2636.95,12174,0,361740,0
Ok,11-09-2025 12:40:00,1757574600,2639.90,2641.30,2639.40,2639.80,2640.23,2910,0,349566,0
Ok,11-09-2025 12:35:00,1757574300,2641.20,2641.20,2637.20,2640.00,2639.17,6451,0,346656,0
Ok,11-09-2025 12:30:00,1757574000,2636.30,2641.20,2635.40,2641.00,2638.76,4555,0,340205,0
Ok,11-09-2025 12:25:00,1757573700,2637.00,2638.60,2634.00,2636.50,2635.28,8547,0,335650,0
Ok,11-09-2025 12:20:00,1757573400,2635.60,2637.50,2634.30,2635.90,2636.17,5343,0,327103,0
Ok,11-09-2025 12:15:00,1757573100,2638.10,2639.10,2634.60,2635.70,2636.30,6078,0,321760,0
Ok,11-09-2025 12:10:00,1757572800,2639.60,2640.60,2636.90,2637.40,2638.31,2803,0,315682,0
Ok,11-09-2025 12:05:00,1757572500,2638.50,2643.00,2638.50,2638.90,2640.56,7219,0,312879,0
Ok,11-09-2025 12:00:00,1757572200,2638.50,2639.60,2636.50,2638.70,2637.96,3488,0,305660,0
Ok,11-09-2025 11:55:00,1757571900,2637.00,2639.00,2636.70,2638.70,2638.23,2541,0,302172,0
Ok,11-09-2025 11:50:00,1757571600,2634.10,2637.10,2634.00,2637.10,2634.56,5349,0,299631,0
Ok,11-09-2025 11:45:00,1757571300,2634.60,2635.80,2634.00,2635.20,2634.13,5259,0,294282,0
Ok,11-09-2025 11:40:00,1757571000,2632.50,2635.00,2632.50,2634.70,2633.50,6160,0,289023,0
Ok,11-09-2025 11:35:00,1757570700,2634.50,2636.40,2633.00,2633.30,2634.47,5940,0,282863,0
Ok,11-09-2025 11:30:00,1757570400,2635.60,2636.90,2634.30,2635.30,2635.83,2580,0,276923,0
Ok,11-09-2025 11:25:00,1757570100,2632.60,2637.30,2632.10,2635.70,2635.37,17637,0,274343,0
Ok,11-09-2025 11:20:00,1757569800,2634.60,2634.80,2630.70,2632.50,2632.79,18655,0,256706,0
Ok,11-09-2025 11:15:00,1757569500,2634.50,2634.80,2634.50,2634.80,2634.08,2301,0,238051,0
Ok,11-09-2025 11:10:00,1757569200,2635.20,2635.80,2634.20,2634.80,2635.72,4185,0,235750,0
Ok,11-09-2025 11:05:00,1757568900,2638.40,2638.40,2636.00,2636.30,2635.25,6835,0,231565,0
Ok,11-09-2025 11:00:00,1757568600,2638.90,2640.20,2638.50,2638.50,2639.94,9367,0,224730,0
Ok,11-09-2025 10:55:00,1757568300,2638.00,2639.20,2637.10,2638.50,2638.00,2648,0,215363,0
Ok,11-09-2025 10:50:00,1757568000,2637.70,2639.90,2636.50,2638.40,2638.30,2750,0,212715,0
Ok,11-09-2025 10:45:00,1757567700,2640.10,2640.10,2632.60,2637.60,2635.97,25414,0,209965,0
Ok,11-09-2025 10:40:00,1757567400,2644.00,2646.00,2642.30,2642.30,2644.56,8106,0,184551,0
Ok,11-09-2025 10:35:00,1757567100,2642.90,2644.10,2642.00,2644.10,2642.87,3439,0,176445,0
Ok,11-09-2025 10:30:00,1757566800,2641.00,2643.70,2641.00,2642.70,2643.20,2471,0,173006,0
Ok,11-09-2025 10:25:00,1757566500,2643.20,2643.40,2639.40,2640.80,2641.23,16210,0,170535,0
Ok,11-09-2025 10:20:00,1757566200,2643.90,2645.00,2642.50,2644.20,2644.32,9994,0,154325,0
Ok,11-09-2025 10:15:00,1757565900,2635.90,2644.00,2635.50,2644.00,2640.42,8332,0,144331,0
Ok,11-09-2025 10:10:00,1757565600,2635.80,2637.40,2634.70,2635.60,2636.12,2737,0,135999,0
Ok,11-09-2025 10:05:00,1757565300,2634.50,2637.00,2634.20,2636.00,2635.92,4036,0,133262,0
Ok,11-09-2025 10:00:00,1757565000,2635.50,2636.00,2634.50,2634.90,2634.90,1669,0,129226,0
Ok,11-09-2025 09:55:00,1757564700,2636.10,2636.20,2634.00,2635.20,2635.35,7134,0,127557,0
Ok,11-09-2025 09:50:00,1757564400,2634.00,2636.00,2634.00,2636.00,2634.81,2312,0,120423,0
Ok,11-09-2025 09:45:00,1757564100,2635.60,2636.40,2633.00,2635.00,2634.17,4606,0,118111,0
Ok,11-09-2025 09:40:00,1757563800,2634.60,2637.20,2633.00,2636.00,2634.86,2825,0,113505,0
Ok,11-09-2025 09:35:00,1757563500,2638.10,2639.30,2633.80,2634.70,2635.34,6176,0,110680,0
Ok,11-09-2025 09:30:00,1757563200,2638.80,2640.00,2637.10,2638.20,2638.66,4353,0,104504,0
Ok,11-09-2025 09:25:00,1757562900,2645.80,2647.20,2638.00,2638.10,2642.74,10623,0,100151,0
Ok,11-09-2025 09:20:00,1757562600,2654.10,2657.60,2645.60,2646.70,2651.82,18574,0,89528,0
Ok,11-09-2025 09:15:00,1757562300,2643.90,2656.20,2637.80,2655.00,2647.14,70954,0,70954,0
