stat,time,ssboe,into,inth,intl,intc,intvwap,intv,intoi,v,oi
Ok,11-09-2025 15:25:00,1757584500,15110.00,15119.00,15098.00,15119.00,15107.24,8032,0,657148,0
Ok,11-09-2025 15:20:00,1757584200,15090.00,15111.00,15089.00,15108.00,15098.25,12991,0,649116,0
Ok,11-09-2025 15:15:00,1757583900,15091.00,15097.00,15080.00,15088.00,15086.72,15026,0,636125,0
Ok,11-09-2025 15:10:00,1757583600,15091.00,15104.00,15089.00,15090.00,15093.14,21671,0,621099,0
Ok,11-09-2025 15:05:00,1757583300,15094.00,15100.00,15094.00,15099.00,15095.93,8031,0,599428,0
Ok,11-09-2025 15:00:00,1757583000,15111.00,15116.00,15093.00,15095.00,15099.56,8905,0,591397,0
Ok,11-09-2025 14:55:00,1757582700,15095.00,15116.00,15084.00,15115.00,15093.79,6631,0,582492,0
Ok,11-09-2025 14:50:00,1757582400,15110.00,15122.00,15095.00,15100.00,15104.98,8719,0,575861,0
Ok,11-09-2025 14:45:00,1757582100,15115.00,15120.00,15105.00,15108.00,15113.12,5108,0,567142,0
Ok,11-09-2025 14:40:00,1757581800,15127.00,15129.00,15113.00,15113.00,15123.46,3487,0,562034,0
Ok,11-09-2025 14:35:00,1757581500,15131.00,15138.00,15121.00,15128.00,15127.18,5040,0,558547,0
Ok,11-09-2025 14:30:00,1757581200,15129.00,15135.00,15116.00,15132.00,15123.10,2870,0,553507,0
Ok,11-09-2025 14:25:00,1757580900,15108.00,15130.00,15108.00,15126.00,15118.02,6508,0,550637,0
Ok,11-09-2025 14:20:00,1757580600,15109.00,15110.00,15102.00,15109.00,15107.42,4286,0,544129,0
Ok,11-09-2025 14:15:00,1757580300,15110.00,15110.00,15108.00,15108.00,15111.17,2135,0,539843,0
Ok,11-09-2025 14:10:00,1757580000,15106.00,15110.00,15102.00,15109.00,15109.41,1839,0,537708,0
Ok,11-09-2025 14:05:00,1757579700,15123.00,15127.00,15100.00,15102.00,15113.24,6560,0,535869,0
Ok,11-09-2025 14:00:00,1757579400,15134.00,15135.00,15108.00,15125.00,15121.40,3222,0,529309,0
Ok,11-09-2025 13:55:00,1757579100,15125.00,15135.00,15108.00,15133.00,15121.09,4114,0,526087,0
Ok,11-09-2025 13:50:00,1757578800,15143.00,15144.00,15112.00,15123.00,15125.63,12264,0,521973,0
Ok,11-09-2025 13:45:00,1757578500,15129.00,15146.00,15125.00,15136.00,15131.01,4454,0,509709,0
Ok,11-09-2025 13:40:00,1757578200,15166.00,15167.00,15125.00,15130.00,15147.44,12580,0,505255,0
Ok,11-09-2025 13:35:00,1757577900,15153.00,15173.00,15150.00,15165.00,15162.75,4996,0,492675,0
Ok,11-09-2025 13:30:00,1757577600,15153.00,15167.00,15143.00,15151.00,15153.44,9505,0,487679,0
Ok,11-09-2025 13:25:00,1757577300,15126.00,15155.00,15126.00,15149.00,15127.31,7966,0,478174,0
Ok,11-09-2025 13:20:00,1757577000,15124.00,15125.00,15109.00,15115.00,15116.50,2954,0,470208,0
Ok,11-09-2025 13:15:00,1757576700,15119.00,15130.00,15115.00,15121.00,15116.42,12268,0,467254,0
Ok,11-09-2025 13:10:00,1757576400,15108.00,15129.00,15108.00,15120.00,15113.29,3364,0,454986,0
Ok,11-09-2025 13:05:00,1757576100,15111.00,15115.00,15098.00,15106.00,15109.76,1982,0,451622,0
Ok,11-09-2025 13:00:00,1757575800,15129.00,15129.00,15106.00,15110.00,15111.92,2636,0,449640,0
Ok,11-09-2025 12:55:00,1757575500,15130.00,15133.00,15119.00,15126.00,15128.41,1626,0,447004,0
Ok,11-09-2025 12:50:00,1757575200,15106.00,15132.00,15093.00,15132.00,15104.26,5773,0,445378,0
Ok,11-09-2025 12:45:00,1757574900,15121.00,15130.00,15104.00,15104.00,15118.41,3008,0,439605,0
Ok,11-09-2025 12:40:00,1757574600,15111.00,15124.00,15108.00,15122.00,15115.23,4502,0,436597,0
Ok,11-09-2025 12:35:00,1757574300,15127.00,15128.00,15108.00,15108.00,15117.02,3120,0,432095,0
Ok,11-09-2025 12:30:00,1757574000,15120.00,15128.00,15119.00,15126.00,15124.94,1409,0,428975,0
Ok,11-09-2025 12:25:00,1757573700,15128.00,15130.00,15112.00,15119.00,15125.14,5053,0,427566,0
Ok,11-09-2025 12:20:00,1757573400,15146.00,15148.00,15127.00,15129.00,15137.15,2628,0,422513,0
Ok,11-09-2025 12:15:00,1757573100,15153.00,15155.00,15129.00,15147.00,15136.36,8457,0,419885,0
Ok,11-09-2025 12:10:00,1757572800,15163.00,15165.00,15150.00,15155.00,15150.09,10046,0,411428,0
Ok,11-09-2025 12:05:00,1757572500,15157.00,15165.00,15141.00,15164.00,15156.18,3050,0,401382,0
Ok,11-09-2025 12:00:00,1757572200,15139.00,15160.00,15137.00,15159.00,15143.03,6437,0,398332,0
Ok,11-09-2025 11:55:00,1757571900,15144.00,15168.00,15129.00,15140.00,15145.78,11855,0,391895,0
Ok,11-09-2025 11:50:00,1757571600,15144.00,15154.00,15137.00,15145.00,15139.72,7479,0,380040,0
Ok,11-09-2025 11:45:00,1757571300,15131.00,15163.00,15126.00,15146.00,15141.01,16635,0,372561,0
Ok,11-09-2025 11:40:00,1757571000,15121.00,15140.00,15108.00,15132.00,15118.99,5194,0,355926,0
Ok,11-09-2025 11:35:00,1757570700,15129.00,15146.00,15110.00,15119.00,15125.39,11654,0,350732,0
Ok,11-09-2025 11:30:00,1757570400,15077.00,15130.00,15074.00,15127.00,15081.35,13564,0,339078,0
Ok,11-09-2025 11:25:00,1757570100,15075.00,15084.00,15065.00,15075.00,15075.02,8915,0,325514,0
Ok,11-09-2025 11:20:00,1757569800,15074.00,15082.00,15070.00,15077.00,15076.17,16256,0,316599,0
Ok,11-09-2025 11:15:00,1757569500,15066.00,15087.00,15065.00,15073.00,15075.26,37767,0,300343,0
Ok,11-09-2025 11:10:00,1757569200,15054.00,15073.00,15047.00,15064.00,15059.84,3704,0,262576,0
Ok,11-09-2025 11:05:00,1757568900,15073.00,15080.00,15047.00,15055.00,15071.50,14535,0,258872,0
Ok,11-09-2025 11:00:00,1757568600,15080.00,15112.00,15060.00,15075.00,15079.38,96632,0,244337,0
Ok,11-09-2025 10:55:00,1757568300,15088.00,15095.00,15053.00,15078.00,15078.08,31963,0,147705,0
Ok,11-09-2025 10:50:00,1757568000,15072.00,15099.00,15064.00,15086.00,15084.24,7148,0,115742,0
Ok,11-09-2025 10:45:00,1757567700,15049.00,15084.00,15038.00,15070.00,15061.03,7024,0,108594,0
Ok,11-09-2025 10:40:00,1757567400,15061.00,15064.00,15040.00,15045.00,15050.33,4134,0,101570,0
Ok,11-09-2025 10:35:00,1757567100,15062.00,15069.00,15054.00,15060.00,15061.18,2672,0,97436,0
Ok,11-09-2025 10:30:00,1757566800,15067.00,15071.00,15054.00,15057.00,15062.62,3105,0,94764,0
Ok,11-09-2025 10:25:00,1757566500,15063.00,15078.00,15052.00,15064.00,15064.44,5699,0,91659,0
Ok,11-09-2025 10:20:00,1757566200,15062.00,15071.00,15055.00,15055.00,15063.40,3612,0,85960,0
Ok,11-09-2025 10:15:00,1757565900,15062.00,15066.00,15048.00,15065.00,15055.75,4852,0,82348,0
Ok,11-09-2025 10:10:00,1757565600,15076.00,15081.00,15058.00,15060.00,15070.06,7737,0,77496,0
Ok,11-09-2025 10:05:00,1757565300,15084.00,15092.00,15066.00,15071.00,15077.88,9121,0,69759,0
Ok,11-09-2025 10:00:00,1757565000,15127.00,15130.00,15083.00,15083.00,15103.03,8453,0,60638,0
Ok,11-09-2025 09:55:00,1757564700,15131.00,15134.00,15118.00,15129.00,15126.56,1373,0,52185,0
Ok,11-09-2025 09:50:00,1757564400,15134.00,15140.00,15118.00,15135.00,15125.18,3318,0,50812,0
Ok,11-09-2025 09:45:00,1757564100,15122.00,15135.00,15114.00,15135.00,15123.49,1742,0,47494,0
Ok,11-09-2025 09:40:00,1757563800,15140.00,15140.00,15120.00,15127.00,15128.95,1309,0,45752,0
Ok,11-09-2025 09:35:00,1757563500,15129.00,15139.00,15124.00,15134.00,15131.04,2560,0,44443,0
Ok,11-09-2025 09:30:00,1757563200,15145.00,15160.00,15116.00,15130.00,15140.35,5623,0,41883,0
Ok,11-09-2025 09:25:00,1757562900,15134.00,15158.00,15128.00,15146.00,15142.15,5883,0,36260,0
Ok,11-09-2025 09:20:00,1757562600,15166.00,15171.00,15119.00,15131.00,15138.77,5994,0,30377,0
Ok,11-09-2025 09:15:00,1757562300,15140.00,15190.00,15118.00,15161.00,15156.81,24383,0,24383,0
