stat,time,ssboe,into,inth,intl,intc,intvwap,intv,intoi,v,oi
Ok,11-09-2025 15:25:00,1757584500,706.10,706.15,705.60,705.95,705.87,128153,0,5528226,0
Ok,11-09-2025 15:20:00,1757584200,706.05,706.40,705.65,706.15,705.89,164612,0,5400073,0
Ok,11-09-2025 15:15:00,1757583900,705.80,706.60,705.60,706.15,706.15,237449,0,5235461,0
Ok,11-09-2025 15:10:00,1757583600,705.65,706.25,705.55,705.70,705.92,249184,0,4998012,0
Ok,11-09-2025 15:05:00,1757583300,705.80,706.00,705.25,705.55,705.38,165067,0,4748828,0
Ok,11-09-2025 15:00:00,1757583000,705.95,706.05,705.35,705.85,705.93,121876,0,4583761,0
Ok,11-09-2025 14:55:00,1757582700,705.60,706.35,705.25,705.65,705.81,158666,0,4461885,0
Ok,11-09-2025 14:50:00,1757582400,705.85,706.10,705.45,705.65,705.32,58700,0,4303219,0
Ok,11-09-2025 14:45:00,1757582100,706.05,706.60,705.70,705.95,705.84,49868,0,4244519,0
Ok,11-09-2025 14:40:00,1757581800,706.90,706.90,705.80,705.80,707.55,34717,0,4194651,0
Ok,11-09-2025 14:35:00,1757581500,705.55,706.95,705.55,706.95,706.23,93204,0,4159934,0
Ok,11-09-2025 14:30:00,1757581200,706.00,706.00,705.50,705.65,705.64,62047,0,4066730,0
Ok,11-09-2025 14:25:00,1757580900,705.70,706.20,705.60,706.10,705.28,51205,0,4004683,0
Ok,11-09-2025 14:20:00,1757580600,706.05,706.05,705.70,705.80,707.64,28947,0,3953478,0
Ok,11-09-2025 14:15:00,1757580300,706.00,706.30,705.75,705.95,705.70,20200,0,3924531,0
Ok,11-09-2025 14:10:00,1757580000,706.00,706.15,705.60,705.95,705.28,32822,0,3904331,0
Ok,11-09-2025 14:05:00,1757579700,705.85,706.10,705.65,705.90,705.28,16161,0,3871509,0
Ok,11-09-2025 14:00:00,1757579400,706.20,706.20,705.50,705.80,706.38,58557,0,3855348,0
Ok,11-09-2025 13:55:00,1757579100,706.70,706.90,706.00,706.05,706.56,33210,0,3796791,0
Ok,11-09-2025 13:50:00,1757578800,707.55,707.60,706.70,706.85,706.18,24549,0,3763581,0
Ok,11-09-2025 13:45:00,1757578500,706.70,707.70,706.65,707.25,707.16,65984,0,3739032,0
Ok,11-09-2025 13:40:00,1757578200,706.70,707.00,706.60,707.00,707.73,21877,0,3673048,0
Ok,11-09-2025 13:35:00,1757577900,707.25,707.35,706.80,706.80,706.21,24010,0,3651171,0
Ok,11-09-2025 13:30:00,1757577600,707.20,707.40,707.05,707.20,707.74,23211,0,3627161,0
Ok,11-09-2025 13:25:00,1757577300,707.00,707.20,706.65,707.05,706.63,32384,0,3603950,0
Ok,11-09-2025 13:20:00,1757577000,707.05,707.20,706.50,706.95,707.15,59432,0,3571566,0
Ok,11-09-2025 13:15:00,1757576700,707.05,707.50,707.00,707.00,707.76,31958,0,3512134,0
Ok,11-09-2025 13:10:00,1757576400,706.30,707.20,706.25,707.00,706.70,96623,0,3480176,0
Ok,11-09-2025 13:05:00,1757576100,706.05,706.50,706.05,706.25,706.41,24422,0,3383553,0
Ok,11-09-2025 13:00:00,1757575800,706.25,706.40,706.05,706.10,706.06,19236,0,3359131,0
Ok,11-09-2025 12:55:00,1757575500,705.95,706.50,705.60,706.40,706.00,54872,0,3339895,0
Ok,11-09-2025 12:50:00,1757575200,705.45,705.90,705.20,705.75,705.76,62332,0,3285023,0
Ok,11-09-2025 12:45:00,1757574900,706.20,706.25,704.55,705.30,705.17,190959,0,3222691,0
Ok,11-09-2025 12:40:00,1757574600,706.40,706.90,706.00,706.10,707.14,33366,0,3031732,0
Ok,11-09-2025 12:35:00,1757574300,706.15,706.80,706.05,706.35,705.99,42939,0,2998366,0
Ok,11-09-2025 12:30:00,1757574000,706.00,706.40,706.00,706.35,706.33,33397,0,2955427,0
Ok,11-09-2025 12:25:00,1757573700,705.90,706.40,705.90,706.10,705.85,38385,0,2922030,0
Ok,11-09-2025 12:20:00,1757573400,706.15,706.20,705.50,705.95,706.40,48969,0,2883645,0
Ok,11-09-2025 12:15:00,1757573100,705.95,706.15,705.75,706.10,705.42,30687,0,2834676,0
Ok,11-09-2025 12:10:00,1757572800,706.75,706.85,705.60,705.90,706.14,53588,0,2803989,0
Ok,11-09-2025 12:05:00,1757572500,706.50,706.85,706.45,706.80,707.10,24158,0,2750401,0
Ok,11-09-2025 12:00:00,1757572200,706.15,706.75,706.00,706.60,706.64,33637,0,2726243,0
Ok,11-09-2025 11:55:00,1757571900,705.75,706.30,705.55,706.20,705.33,36198,0,2692606,0
Ok,11-09-2025 11:50:00,1757571600,706.30,706.45,705.50,705.80,706.08,35346,0,2656408,0
Ok,11-09-2025 11:45:00,1757571300,705.50,706.45,705.50,706.45,706.55,29084,0,2621062,0
Ok,11-09-2025 11:40:00,1757571000,705.25,706.00,705.25,705.65,705.64,56113,0,2591978,0
Ok,11-09-2025 11:35:00,1757570700,706.95,706.95,705.25,705.35,705.91,78531,0,2535865,0
Ok,11-09-2025 11:30:00,1757570400,707.25,707.30,706.55,706.90,706.81,71208,0,2457334,0
Ok,11-09-2025 11:25:00,1757570100,707.95,707.95,707.15,707.15,707.40,20759,0,2386126,0
Ok,11-09-2025 11:20:00,1757569800,707.75,708.05,707.40,707.80,707.48,43217,0,2365367,0
Ok,11-09-2025 11:15:00,1757569500,707.85,707.95,707.50,707.70,708.58,24920,0,2322150,0
Ok,11-09-2025 11:10:00,1757569200,707.90,708.35,707.65,707.90,707.56,44604,0,2297230,0
Ok,11-09-2025 11:05:00,1757568900,708.00,708.25,707.50,708.05,707.83,28997,0,2252626,0
Ok,11-09-2025 11:00:00,1757568600,707.35,708.40,707.20,708.05,707.87,87656,0,2223629,0
Ok,11-09-2025 10:55:00,1757568300,707.35,707.60,707.20,707.40,707.59,40217,0,2135973,0
Ok,11-09-2025 10:50:00,1757568000,707.20,707.40,707.00,707.40,707.05,25796,0,2095756,0
Ok,11-09-2025 10:45:00,1757567700,706.50,707.25,706.30,707.25,706.86,33695,0,2069960,0
Ok,11-09-2025 10:40:00,1757567400,706.45,706.90,706.30,706.65,706.71,30299,0,2036265,0
Ok,11-09-2025 10:35:00,1757567100,705.65,706.70,705.60,706.30,705.95,35405,0,2005966,0
Ok,11-09-2025 10:30:00,1757566800,706.65,707.40,705.10,705.55,706.29,125910,0,1970561,0
Ok,11-09-2025 10:25:00,1757566500,706.80,707.40,706.60,706.60,706.78,49623,0,1844651,0
Ok,11-09-2025 10:20:00,1757566200,707.15,707.55,706.80,706.95,707.48,45704,0,1795028,0
Ok,11-09-2025 10:15:00,1757565900,707.60,708.00,706.65,707.45,707.21,64269,0,1749324,0
Ok,11-09-2025 10:10:00,1757565600,706.75,707.85,706.50,707.70,706.91,79933,0,1685055,0
Ok,11-09-2025 10:05:00,1757565300,707.25,707.55,706.45,706.80,706.97,118475,0,1605122,0
Ok,11-09-2025 10:00:00,1757565000,708.60,708.60,707.00,707.30,707.44,85546,0,1486647,0
Ok,11-09-2025 09:55:00,1757564700,709.10,709.20,708.05,708.55,708.76,52509,0,1401101,0
Ok,11-09-2025 09:50:00,1757564400,708.65,709.65,708.65,709.15,709.00,88902,0,1348592,0
Ok,11-09-2025 09:45:00,1757564100,708.00,708.65,707.40,708.60,708.13,102035,0,1259690,0
Ok,11-09-2025 09:40:00,1757563800,708.90,709.05,707.65,708.20,707.99,134996,0,1157655,0
Ok,11-09-2025 09:35:00,1757563500,708.95,709.50,708.40,709.05,708.94,107913,0,1022659,0
Ok,11-09-2025 09:30:00,1757563200,709.95,709.95,707.60,708.85,708.45,218386,0,914746,0
Ok,11-09-2025 09:25:00,1757562900,710.70,711.30,710.00,710.00,710.42,131764,0,696360,0
Ok,11-09-2025 09:20:00,1757562600,710.75,712.00,710.15,710.75,711.26,194188,0,564596,0
Ok,11-09-2025 09:15:00,1757562300,710.90,711.85,709.25,711.00,710.30,370408,0,370408,0
