stat,time,ssboe,into,inth,intl,intc,intvwap,intv,intoi,v,oi
Ok,11-09-2025 15:25:00,1757584500,3584.50,3585.00,3580.00,3580.00,3584.17,19186,0,495395,0
Ok,11-09-2025 15:20:00,1757584200,3584.30,3585.00,3582.00,3584.70,3583.88,27966,0,476209,0
Ok,11-09-2025 15:15:00,1757583900,3583.00,3587.80,3582.80,3584.50,3584.84,24711,0,448243,0
Ok,11-09-2025 15:10:00,1757583600,3582.50,3584.50,3580.00,3582.90,3582.56,14579,0,423532,0
Ok,11-09-2025 15:05:00,1757583300,3585.90,3587.00,3581.00,3581.90,3583.63,16360,0,408953,0
Ok,11-09-2025 15:00:00,1757583000,3586.70,3587.80,3585.10,3586.00,3586.30,12748,0,392593,0
Ok,11-09-2025 14:55:00,1757582700,3585.00,3588.40,3584.50,3587.30,3585.32,21855,0,379845,0
Ok,11-09-2025 14:50:00,1757582400,3582.20,3586.20,3580.00,3585.10,3582.90,10019,0,357990,0
Ok,11-09-2025 14:45:00,1757582100,3586.50,3589.30,3581.40,3583.00,3585.29,23797,0,347971,0
Ok,11-09-2025 14:40:00,1757581800,3589.90,3590.10,3586.00,3586.90,3587.83,5107,0,324174,0
Ok,11-09-2025 14:35:00,1757581500,3588.90,3590.60,3586.00,3590.00,3588.25,10991,0,319067,0
Ok,11-09-2025 14:30:00,1757581200,3593.30,3595.00,3587.80,3588.60,3590.72,36468,0,308076,0
Ok,11-09-2025 14:25:00,1757580900,3593.90,3594.90,3592.00,3594.10,3592.44,1761,0,271608,0
Ok,11-09-2025 14:20:00,1757580600,3599.90,3600.40,3590.30,3594.50,3594.75,20325,0,269847,0
Ok,11-09-2025 14:15:00,1757580300,3589.00,3601.60,3588.00,3600.40,3592.46,20569,0,249522,0
Ok,11-09-2025 14:10:00,1757580000,3592.90,3594.60,3588.20,3590.00,3590.62,7452,0,228953,0
Ok,11-09-2025 14:05:00,1757579700,3589.00,3593.20,3587.80,3592.80,3589.75,5963,0,221501,0
Ok,11-09-2025 14:00:00,1757579400,3590.50,3591.00,3587.60,3589.30,3589.79,7325,0,215538,0
Ok,11-09-2025 13:55:00,1757579100,3589.50,3590.50,3587.20,3590.10,3589.18,7859,0,208213,0
Ok,11-09-2025 13:50:00,1757578800,3595.90,3595.90,3588.50,3590.00,3592.29,4946,0,200354,0
Ok,11-09-2025 13:45:00,1757578500,3591.90,3595.00,3589.80,3594.60,3591.96,5884,0,195408,0
Ok,11-09-2025 13:40:00,1757578200,3592.40,3594.90,3590.70,3592.70,3592.13,2289,0,189524,0
Ok,11-09-2025 13:35:00,1757577900,3593.60,3595.60,3591.60,3592.80,3593.85,2250,0,187235,0
Ok,11-09-2025 13:30:00,1757577600,3592.90,3596.70,3591.40,3593.90,3593.30,3780,0,184985,0
Ok,11-09-2025 13:25:00,1757577300,3583.90,3594.50,3581.00,3593.30,3583.69,13044,0,181205,0
Ok,11-09-2025 13:20:00,1757577000,3585.00,3586.90,3583.90,3584.20,3585.01,2647,0,168161,0
Ok,11-09-2025 13:15:00,1757576700,3587.00,3587.40,3585.20,3585.30,3586.43,1677,0,165514,0
Ok,11-09-2025 13:10:00,1757576400,3583.80,3587.90,3583.80,3587.80,3586.23,2667,0,163837,0
Ok,11-09-2025 13:05:00,1757576100,3583.70,3586.20,3582.70,3584.20,3584.71,4530,0,161170,0
Ok,11-09-2025 13:00:00,1757575800,3585.00,3587.30,3583.60,3584.00,3585.48,3258,0,156640,0
Ok,11-09-2025 12:55:00,1757575500,3592.90,3593.20,3581.30,3585.70,3586.32,7607,0,153382,0
Ok,11-09-2025 12:50:00,1757575200,3592.00,3593.20,3590.80,3593.00,3591.51,1511,0,145775,0
Ok,11-09-2025 12:45:00,1757574900,3592.60,3594.30,3591.10,3591.20,3593.20,1547,0,144264,0
Ok,11-09-2025 12:40:00,1757574600,3593.20,3594.00,3591.40,3592.80,3592.27,1097,0,142717,0
Ok,11-09-2025 12:35:00,1757574300,3594.50,3595.10,3592.30,3593.90,3593.29,1412,0,141620,0
Ok,11-09-2025 12:30:00,1757574000,3596.80,3596.80,3591.70,3594.00,3593.58,1670,0,140208,0
Ok,11-09-2025 12:25:00,1757573700,3589.00,3597.40,3588.90,3596.00,3593.38,2361,0,138538,0
Ok,11-09-2025 12:20:00,1757573400,3589.70,3591.60,3588.20,3589.10,3590.69,2927,0,136177,0
Ok,11-09-2025 12:15:00,1757573100,3588.70,3589.90,3587.60,3589.90,3588.42,1510,0,133250,0
Ok,11-09-2025 12:10:00,1757572800,3589.20,3590.00,3586.50,3588.40,3587.81,1266,0,131740,0
Ok,11-09-2025 12:05:00,1757572500,3589.80,3590.00,3587.40,3589.50,3589.61,3081,0,130474,0
Ok,11-09-2025 12:00:00,1757572200,3593.70,3594.90,3588.40,3590.00,3591.19,6003,0,127393,0
Ok,11-09-2025 11:55:00,1757571900,3590.50,3594.40,3590.50,3593.80,3593.09,2244,0,121390,0
Ok,11-09-2025 11:50:00,1757571600,3589.00,3592.40,3588.00,3590.10,3590.74,2721,0,119146,0
Ok,11-09-2025 11:45:00,1757571300,3589.60,3592.00,3588.00,3588.00,3590.03,1987,0,116425,0
Ok,11-09-2025 11:40:00,1757571000,3588.20,3592.10,3586.60,3589.80,3589.18,3825,0,114438,0
Ok,11-09-2025 11:35:00,1757570700,3590.00,3591.20,3588.00,3588.10,3589.11,3486,0,110613,0
Ok,11-09-2025 11:30:00,1757570400,3593.00,3593.00,3589.20,3590.20,3591.13,3748,0,107127,0
Ok,11-09-2025 11:25:00,1757570100,3599.90,3599.90,3592.00,3592.60,3595.81,3128,0,103379,0
Ok,11-09-2025 11:20:00,1757569800,3598.80,3600.70,3597.00,3599.80,3599.06,4833,0,100251,0
Ok,11-09-2025 11:15:00,1757569500,3603.30,3604.60,3598.00,3599.10,3600.34,2436,0,95418,0
Ok,11-09-2025 11:10:00,1757569200,3603.30,3604.60,3599.40,3603.10,3601.05,8943,0,92982,0
Ok,11-09-2025 11:05:00,1757568900,3605.00,3607.00,3602.60,3604.70,3604.78,3648,0,84039,0
Ok,11-09-2025 11:00:00,1757568600,3605.20,3606.90,3602.80,3604.60,3605.18,5995,0,80391,0
Ok,11-09-2025 10:55:00,1757568300,3608.80,3609.80,3603.70,3605.00,3606.65,3981,0,74396,0
Ok,11-09-2025 10:50:00,1757568000,3608.00,3610.50,3607.20,3608.70,3609.14,3260,0,70415,0
Ok,11-09-2025 10:45:00,1757567700,3607.10,3609.10,3602.90,3607.90,3605.60,3580,0,67155,0
Ok,11-09-2025 10:40:00,1757567400,3608.50,3610.60,3606.00,3606.60,3608.42,4010,0,63575,0
Ok,11-09-2025 10:35:00,1757567100,3609.00,3612.50,3608.00,3608.30,3610.11,4004,0,59565,0
Ok,11-09-2025 10:30:00,1757566800,3613.40,3614.90,3609.00,3609.10,3611.99,3284,0,55561,0
Ok,11-09-2025 10:25:00,1757566500,3618.80,3619.80,3612.70,3613.00,3615.01,6354,0,52277,0
Ok,11-09-2025 10:20:00,1757566200,3620.60,3620.70,3615.40,3616.70,3618.58,2992,0,45923,0
Ok,11-09-2025 10:15:00,1757565900,3621.70,3622.10,3619.10,3620.50,3620.49,3613,0,42931,0
Ok,11-09-2025 10:10:00,1757565600,3628.40,3629.60,3620.60,3621.90,3625.36,4314,0,39318,0
Ok,11-09-2025 10:05:00,1757565300,3630.50,3630.90,3627.30,3629.60,3629.08,2113,0,35004,0
Ok,11-09-2025 10:00:00,1757565000,3628.00,3632.00,3628.00,3630.60,3629.89,2486,0,32891,0
Ok,11-09-2025 09:55:00,1757564700,3628.10,3629.00,3624.00,3629.00,3626.55,3287,0,30405,0
Ok,11-09-2025 09:50:00,1757564400,3631.40,3632.00,3627.20,3627.70,3630.09,1666,0,27118,0
Ok,11-09-2025 09:45:00,1757564100,3626.70,3631.70,3626.70,3631.50,3628.97,1629,0,25452,0
Ok,11-09-2025 09:40:00,1757563800,3627.70,3628.00,3625.00,3626.50,3626.53,1375,0,23823,0
Ok,11-09-2025 09:35:00,1757563500,3627.80,3629.60,3625.90,3628.00,3627.60,1586,0,22448,0
Ok,11-09-2025 09:30:00,1757563200,3628.00,3634.00,3626.00,3626.00,3630.26,3069,0,20862,0
Ok,11-09-2025 09:25:00,1757562900,3634.80,3636.90,3628.70,3628.70,3632.44,5954,0,17793,0
Ok,11-09-2025 09:20:00,1757562600,3637.30,3638.00,3634.00,3636.00,3635.88,2964,0,11839,0
Ok,11-09-2025 09:15:00,1757562300,3634.40,3639.80,3628.10,3638.00,3633.32,8875,0,8875,0
