stat,time,ssboe,into,inth,intl,intc,intvwap,intv,intoi,v,oi
Ok,11-09-2025 15:25:00,1757584500,12376.00,12395.00,12360.00,12392.00,12372.18,5373,0,132631,0
Ok,11-09-2025 15:20:00,1757584200,12390.00,12390.00,12372.00,12372.00,12381.18,5586,0,127258,0
Ok,11-09-2025 15:15:00,1757583900,12402.00,12403.00,12389.00,12389.00,12397.44,6651,0,121672,0
Ok,11-09-2025 15:10:00,1757583600,12392.00,12403.00,12389.00,12403.00,12394.01,4793,0,115021,0
Ok,11-09-2025 15:05:00,1757583300,12399.00,12402.00,12389.00,12391.00,12397.74,5313,0,110228,0
Ok,11-09-2025 15:00:00,1757583000,12403.00,12410.00,12397.00,12400.00,12401.81,7933,0,104915,0
Ok,11-09-2025 14:55:00,1757582700,12405.00,12410.00,12395.00,12400.00,12400.69,10627,0,96982,0
Ok,11-09-2025 14:50:00,1757582400,12414.00,12418.00,12402.00,12411.00,12409.11,2169,0,86355,0
Ok,11-09-2025 14:45:00,1757582100,12407.00,12430.00,12407.00,12419.00,12418.91,2415,0,84186,0
Ok,11-09-2025 14:40:00,1757581800,12418.00,12421.00,12402.00,12411.00,12406.80,1233,0,81771,0
Ok,11-09-2025 14:35:00,1757581500,12402.00,12423.00,12397.00,12419.00,12409.62,2458,0,80538,0
Ok,11-09-2025 14:30:00,1757581200,12400.00,12409.00,12386.00,12409.00,12396.81,4110,0,78080,0
Ok,11-09-2025 14:25:00,1757580900,12403.00,12410.00,12400.00,12401.00,12403.48,1256,0,73970,0
Ok,11-09-2025 14:20:00,1757580600,12396.00,12408.00,12390.00,12401.00,12398.50,1884,0,72714,0
Ok,11-09-2025 14:15:00,1757580300,12390.00,12400.00,12388.00,12394.00,12394.57,1453,0,70830,0
Ok,11-09-2025 14:10:00,1757580000,12387.00,12396.00,12385.00,12395.00,12389.49,1486,0,69377,0
Ok,11-09-2025 14:05:00,1757579700,12388.00,12396.00,12382.00,12393.00,12387.93,1439,0,67891,0
Ok,11-09-2025 14:00:00,1757579400,12400.00,12402.00,12385.00,12385.00,12389.19,1786,0,66452,0
Ok,11-09-2025 13:55:00,1757579100,12399.00,12406.00,12396.00,12396.00,12401.17,784,0,64666,0
Ok,11-09-2025 13:50:00,1757578800,12410.00,12412.00,12399.00,12403.00,12403.19,913,0,63882,0
Ok,11-09-2025 13:45:00,1757578500,12400.00,12410.00,12398.00,12405.00,12402.51,729,0,62969,0
Ok,11-09-2025 13:40:00,1757578200,12399.00,12406.00,12396.00,12405.00,12400.26,1634,0,62240,0
Ok,11-09-2025 13:35:00,1757577900,12403.00,12411.00,12396.00,12400.00,12402.15,1232,0,60606,0
Ok,11-09-2025 13:30:00,1757577600,12406.00,12414.00,12399.00,12399.00,12403.93,1847,0,59374,0
Ok,11-09-2025 13:25:00,1757577300,12414.00,12425.00,12404.00,12411.00,12415.37,1681,0,57527,0
Ok,11-09-2025 13:20:00,1757577000,12442.00,12443.00,12413.00,12418.00,12428.26,2376,0,55846,0
Ok,11-09-2025 13:15:00,1757576700,12433.00,12440.00,12423.00,12440.00,12432.83,1878,0,53470,0
Ok,11-09-2025 13:10:00,1757576400,12424.00,12436.00,12423.00,12432.00,12430.43,1275,0,51592,0
Ok,11-09-2025 13:05:00,1757576100,12424.00,12437.00,12421.00,12431.00,12429.75,1656,0,50317,0
Ok,11-09-2025 13:00:00,1757575800,12426.00,12444.00,12422.00,12428.00,12430.75,5206,0,48661,0
Ok,11-09-2025 12:55:00,1757575500,12428.00,12429.00,12417.00,12428.00,12424.21,1549,0,43455,0
Ok,11-09-2025 12:50:00,1757575200,12415.00,12430.00,12413.00,12429.00,12421.81,1275,0,41906,0
Ok,11-09-2025 12:45:00,1757574900,12414.00,12423.00,12409.00,12413.00,12415.22,1172,0,40631,0
Ok,11-09-2025 12:40:00,1757574600,12409.00,12430.00,12401.00,12417.00,12418.15,1688,0,39459,0
Ok,11-09-2025 12:35:00,1757574300,12413.00,12416.00,12405.00,12407.00,12410.85,1394,0,37771,0
Ok,11-09-2025 12:30:00,1757574000,12417.00,12423.00,12405.00,12408.00,12412.85,1653,0,36377,0
Ok,11-09-2025 12:25:00,1757573700,12410.00,12420.00,12408.00,12418.00,12414.38,1854,0,34724,0
Ok,11-09-2025 12:20:00,1757573400,12427.00,12428.00,12407.00,12412.00,12413.83,1429,0,32870,0
Ok,11-09-2025 12:15:00,1757573100,12406.00,12428.00,12404.00,12425.00,12414.30,2522,0,31441,0
Ok,11-09-2025 12:10:00,1757572800,12404.00,12408.00,12404.00,12405.00,12406.42,339,0,28919,0
Ok,11-09-2025 12:05:00,1757572500,12396.00,12408.00,12396.00,12408.00,12403.02,208,0,28580,0
Ok,11-09-2025 12:00:00,1757572200,12406.00,12411.00,12391.00,12399.00,12401.10,672,0,28372,0
Ok,11-09-2025 11:55:00,1757571900,12394.00,12412.00,12391.00,12400.00,12401.39,636,0,27700,0
Ok,11-09-2025 11:50:00,1757571600,12391.00,12399.00,12385.00,12391.00,12393.58,302,0,27064,0
Ok,11-09-2025 11:45:00,1757571300,12391.00,12392.00,12385.00,12392.00,12388.81,463,0,26762,0
Ok,11-09-2025 11:40:00,1757571000,12394.00,12397.00,12385.00,12388.00,12391.22,533,0,26299,0
Ok,11-09-2025 11:35:00,1757570700,12395.00,12398.00,12387.00,12389.00,12391.48,435,0,25766,0
Ok,11-09-2025 11:30:00,1757570400,12403.00,12403.00,12393.00,12396.00,12400.12,428,0,25331,0
Ok,11-09-2025 11:25:00,1757570100,12413.00,12413.00,12402.00,12406.00,12406.97,272,0,24903,0
Ok,11-09-2025 11:20:00,1757569800,12401.00,12417.00,12398.00,12412.00,12407.76,1608,0,24631,0
Ok,11-09-2025 11:15:00,1757569500,12399.00,12407.00,12398.00,12403.00,12404.63,534,0,23023,0
Ok,11-09-2025 11:10:00,1757569200,12385.00,12403.00,12385.00,12402.00,12394.21,1086,0,22489,0
Ok,11-09-2025 11:05:00,1757568900,12395.00,12395.00,12382.00,12386.00,12387.57,627,0,21403,0
Ok,11-09-2025 11:00:00,1757568600,12396.00,12396.00,12385.00,12390.00,12391.11,1646,0,20776,0
Ok,11-09-2025 10:55:00,1757568300,12397.00,12398.00,12390.00,12394.00,12394.01,229,0,19130,0
Ok,11-09-2025 10:50:00,1757568000,12396.00,12406.00,12393.00,12394.00,12395.24,1323,0,18901,0
Ok,11-09-2025 10:45:00,1757567700,12403.00,12403.00,12394.00,12395.00,12397.61,384,0,17578,0
Ok,11-09-2025 10:40:00,1757567400,12403.00,12407.00,12400.00,12401.00,12405.33,501,0,17194,0
Ok,11-09-2025 10:35:00,1757567100,12402.00,12406.00,12394.00,12402.00,12399.06,2266,0,16693,0
Ok,11-09-2025 10:30:00,1757566800,12412.00,12412.00,12402.00,12406.00,12406.84,727,0,14427,0
Ok,11-09-2025 10:25:00,1757566500,12414.00,12418.00,12409.00,12409.00,12412.02,480,0,13700,0
Ok,11-09-2025 10:20:00,1757566200,12410.00,12418.00,12407.00,12410.00,12412.11,473,0,13220,0
Ok,11-09-2025 10:15:00,1757565900,12406.00,12414.00,12406.00,12414.00,12409.86,378,0,12747,0
Ok,11-09-2025 10:10:00,1757565600,12410.00,12415.00,12402.00,12409.00,12408.45,652,0,12369,0
Ok,11-09-2025 10:05:00,1757565300,12411.00,12415.00,12410.00,12413.00,12413.57,873,0,11717,0
Ok,11-09-2025 10:00:00,1757565000,12416.00,12421.00,12411.00,12412.00,12414.02,807,0,10844,0
Ok,11-09-2025 09:55:00,1757564700,12427.00,12429.00,12415.00,12415.00,12423.90,845,0,10037,0
Ok,11-09-2025 09:50:00,1757564400,12426.00,12427.00,12420.00,12426.00,12423.08,339,0,9192,0
Ok,11-09-2025 09:45:00,1757564100,12426.00,12429.00,12421.00,12421.00,12427.59,1467,0,8853,0
Ok,11-09-2025 09:40:00,1757563800,12426.00,12428.00,12415.00,12425.00,12422.04,853,0,7386,0
Ok,11-09-2025 09:35:00,1757563500,12430.00,12431.00,12422.00,12424.00,12426.68,754,0,6533,0
Ok,11-09-2025 09:30:00,1757563200,12447.00,12447.00,12430.00,12433.00,12437.68,840,0,5779,0
Ok,11-09-2025 09:25:00,1757562900,12449.00,12459.00,12440.00,12450.00,12448.19,775,0,4939,0
Ok,11-09-2025 09:20:00,1757562600,12460.00,12465.00,12434.00,12447.00,12451.94,1387,0,4164,0
Ok,11-09-2025 09:15:00,1757562300,12511.00,12516.00,12451.00,12465.00,12476.32,2777,0,2777,0
