stat,time,ssboe,into,inth,intl,intc,intvwap,intv,intoi,v,oi
Ok,16-09-2025 15:25:00,1758016500,549.95,550.00,547.00,548.50,548.77,94402,0,5028545,0
Ok,16-09-2025 15:20:00,1758016200,548.70,550.15,548.10,550.05,549.01,165111,0,4934143,0
Ok,16-09-2025 15:15:00,1758015900,547.05,548.90,547.05,548.90,548.19,242475,0,4769032,0
Ok,16-09-2025 15:10:00,1758015600,546.95,547.15,545.95,547.00,546.12,82011,0,4526557,0
Ok,16-09-2025 15:05:00,1758015300,546.25,548.00,545.95,546.70,546.96,105549,0,4444546,0
Ok,16-09-2025 15:00:00,1758015000,546.50,547.25,546.00,546.15,546.02,49479,0,4338997,0
Ok,16-09-2025 14:55:00,1758014700,547.25,547.40,545.80,546.25,547.28,56332,0,4289518,0
Ok,16-09-2025 14:50:00,1758014400,547.30,547.55,547.00,547.05,547.23,18040,0,4233186,0
Ok,16-09-2025 14:45:00,1758014100,546.70,547.80,546.45,547.60,545.62,21232,0,4215146,0
Ok,16-09-2025 14:40:00,1758013800,548.20,548.50,546.30,546.45,546.79,59001,0,4193914,0
Ok,16-09-2025 14:35:00,1758013500,548.20,548.55,547.90,548.25,549.64,14985,0,4134913,0
Ok,16-09-2025 14:30:00,1758013200,548.45,549.00,548.05,548.30,549.64,14591,0,4119928,0
Ok,16-09-2025 14:25:00,1758012900,548.00,548.45,547.25,548.40,547.44,18654,0,4105337,0
Ok,16-09-2025 14:20:00,1758012600,547.75,548.90,547.55,548.30,549.65,18049,0,4086683,0
Ok,16-09-2025 14:15:00,1758012300,547.55,547.90,547.20,547.50,547.69,20692,0,4068634,0
Ok,16-09-2025 14:10:00,1758012000,549.65,549.65,547.00,547.90,547.70,61287,0,4047942,0
Ok,16-09-2025 14:05:00,1758011700,548.75,549.50,548.60,549.00,549.69,10132,0,3986655,0
Ok,16-09-2025 14:00:00,1758011400,551.80,551.85,548.30,549.10,549.68,38747,0,3976523,0
Ok,16-09-2025 13:55:00,1758011100,548.40,552.00,548.00,551.85,550.15,82474,0,3937776,0
Ok,16-09-2025 13:50:00,1758010800,548.35,548.50,547.85,548.05,549.68,7743,0,3855302,0
Ok,16-09-2025 13:45:00,1758010500,548.85,549.50,547.85,547.85,549.68,43478,0,3847559,0
Ok,16-09-2025 13:40:00,1758010200,548.55,549.20,548.25,548.55,544.93,8012,0,3804081,0
Ok,16-09-2025 13:35:00,1758009900,548.80,549.80,548.55,548.95,549.69,15007,0,3796069,0
Ok,16-09-2025 13:30:00,1758009600,548.70,549.00,548.10,549.00,549.69,12289,0,3781062,0
Ok,16-09-2025 13:25:00,1758009300,549.00,549.00,548.25,548.60,547.55,17550,0,3768773,0
Ok,16-09-2025 13:20:00,1758009000,550.20,550.90,548.75,548.80,549.70,29853,0,3751223,0
Ok,16-09-2025 13:15:00,1758008700,547.90,551.55,547.45,550.50,550.11,87567,0,3721370,0
Ok,16-09-2025 13:10:00,1758008400,546.95,547.85,546.70,547.85,547.60,17351,0,3633803,0
Ok,16-09-2025 13:05:00,1758008100,548.75,548.75,546.50,547.00,546.96,52168,0,3616452,0
Ok,16-09-2025 13:00:00,1758007800,550.80,552.30,548.15,548.95,550.60,156802,0,3564284,0
Ok,16-09-2025 12:55:00,1758007500,546.30,551.85,546.25,550.50,549.35,187809,0,3407482,0
Ok,16-09-2025 12:50:00,1758007200,546.30,546.35,545.80,546.35,545.69,7988,0,3219673,0
Ok,16-09-2025 12:45:00,1758006900,545.50,546.40,545.10,546.25,545.99,17121,0,3211685,0
Ok,16-09-2025 12:40:00,1758006600,545.95,545.95,545.25,545.75,546.20,17955,0,3194564,0
Ok,16-09-2025 12:35:00,1758006300,545.95,546.40,545.65,545.65,546.09,8634,0,3176609,0
Ok,16-09-2025 12:30:00,1758006000,546.35,546.70,545.80,546.00,545.57,15009,0,3167975,0
Ok,16-09-2025 12:25:00,1758005700,546.10,546.75,545.25,546.30,545.85,15905,0,3152966,0
Ok,16-09-2025 12:20:00,1758005400,545.65,546.10,545.25,545.65,545.10,26418,0,3137061,0
Ok,16-09-2025 12:15:00,1758005100,546.50,546.50,545.45,545.60,547.07,11133,0,3110643,0
Ok,16-09-2025 12:10:00,1758004800,546.50,546.85,545.50,546.40,546.63,28564,0,3099510,0
Ok,16-09-2025 12:05:00,1758004500,545.60,546.30,545.45,546.30,545.21,13052,0,3070946,0
Ok,16-09-2025 12:00:00,1758004200,546.25,546.30,545.70,546.00,545.62,14177,0,3057894,0
Ok,16-09-2025 11:55:00,1758003900,547.90,547.90,545.00,546.00,546.17,86419,0,3043717,0
Ok,16-09-2025 11:50:00,1758003600,548.00,548.50,547.50,547.95,547.77,12971,0,2957298,0
Ok,16-09-2025 11:45:00,1758003300,547.20,548.80,547.20,547.85,547.70,37061,0,2944327,0
Ok,16-09-2025 11:40:00,1758003000,547.20,547.50,547.00,547.45,547.24,10187,0,2907266,0
Ok,16-09-2025 11:35:00,1758002700,546.65,547.55,546.65,547.40,547.34,10480,0,2897079,0
Ok,16-09-2025 11:30:00,1758002400,547.60,548.00,546.70,546.70,546.99,18404,0,2886599,0
Ok,16-09-2025 11:25:00,1758002100,547.80,548.30,546.85,547.50,547.38,31071,0,2868195,0
Ok,16-09-2025 11:20:00,1758001800,547.00,548.10,547.00,548.10,547.45,10448,0,2837124,0
Ok,16-09-2025 11:15:00,1758001500,546.85,547.25,546.80,547.25,547.25,9653,0,2826676,0
Ok,16-09-2025 11:10:00,1758001200,546.50,547.50,546.50,547.10,547.47,10383,0,2817023,0
Ok,16-09-2025 11:05:00,1758000900,547.80,548.30,546.50,546.70,547.46,30593,0,2806640,0
Ok,16-09-2025 11:00:00,1758000600,547.75,548.00,547.50,548.00,548.46,15727,0,2776047,0
Ok,16-09-2025 10:55:00,1758000300,547.60,547.90,547.05,547.50,547.07,17381,0,2760320,0
Ok,16-09-2025 10:50:00,1758000000,548.70,548.75,547.50,547.50,547.95,35428,0,2742939,0
Ok,16-09-2025 10:45:00,1757999700,546.75,549.20,546.50,548.65,547.26,53000,0,2707511,0
Ok,16-09-2025 10:40:00,1757999400,546.85,546.95,546.05,546.80,547.69,19932,0,2654511,0
Ok,16-09-2025 10:35:00,1757999100,547.80,548.00,546.20,547.00,547.53,27746,0,2634579,0
Ok,16-09-2025 10:30:00,1757998800,547.05,548.00,547.05,548.00,547.97,21430,0,2606833,0
Ok,16-09-2025 10:25:00,1757998500,548.40,549.00,547.35,547.70,548.04,32440,0,2585403,0
Ok,16-09-2025 10:20:00,1757998200,548.95,549.55,547.95,548.65,548.56,66413,0,2552963,0
Ok,16-09-2025 10:15:00,1757997900,546.80,549.90,546.30,548.90,548.43,93384,0,2486550,0
Ok,16-09-2025 10:10:00,1757997600,546.85,547.85,546.00,546.35,546.95,51922,0,2393166,0
Ok,16-09-2025 10:05:00,1757997300,546.55,547.30,544.25,547.00,545.64,124168,0,2341244,0
Ok,16-09-2025 10:00:00,1757997000,546.80,548.25,546.70,546.70,547.56,70144,0,2217076,0
Ok,16-09-2025 09:55:00,1757996700,546.85,547.40,545.90,547.00,546.50,68889,0,2146932,0
Ok,16-09-2025 09:50:00,1757996400,546.25,548.85,546.00,546.80,547.32,126445,0,2078043,0
Ok,16-09-2025 09:45:00,1757996100,544.45,547.30,544.30,546.20,546.09,100475,0,1951598,0
Ok,16-09-2025 09:40:00,1757995800,546.85,548.40,544.00,544.30,545.77,252491,0,1851123,0
Ok,16-09-2025 09:35:00,1757995500,553.30,553.45,544.50,547.05,547.82,594002,0,1598632,0
Ok,16-09-2025 09:30:00,1757995200,555.35,555.35,553.40,553.45,554.23,78778,0,1004630,0
Ok,16-09-2025 09:25:00,1757994900,553.65,555.70,553.15,555.45,553.98,117757,0,925852,0
Ok,16-09-2025 09:20:00,1757994600,556.05,556.50,552.75,553.70,554.80,247462,0,808095,0
Ok,16-09-2025 09:15:00,1757994300,560.75,560.80,553.50,556.60,556.14,533504,0,560633,0
