stat,time,ssboe,into,inth,intl,intc,intvwap,intv,intoi,v,oi
Ok,16-09-2025 15:25:00,1758016500,717.05,721.25,716.95,718.85,719.10,78746,0,5740377,0
Ok,16-09-2025 15:20:00,1758016200,720.45,720.75,714.55,717.35,717.00,162675,0,5661631,0
Ok,16-09-2025 15:15:00,1758015900,717.45,720.70,717.10,720.05,718.99,241610,0,5498956,0
Ok,16-09-2025 15:10:00,1758015600,716.90,718.65,716.65,717.00,717.74,105850,0,5257346,0
Ok,16-09-2025 15:05:00,1758015300,716.10,719.50,716.05,717.25,717.67,188463,0,5151496,0
Ok,16-09-2025 15:00:00,1758015000,715.05,716.50,714.60,715.60,715.68,63352,0,4963033,0
Ok,16-09-2025 14:55:00,1758014700,713.85,715.90,713.35,715.15,714.99,79245,0,4899681,0
Ok,16-09-2025 14:50:00,1758014400,713.85,714.35,713.30,713.70,712.66,21831,0,4820436,0
Ok,16-09-2025 14:45:00,1758014100,713.90,714.35,713.30,714.00,713.82,19358,0,4798605,0
Ok,16-09-2025 14:40:00,1758013800,714.45,714.70,713.85,714.00,713.28,18197,0,4779247,0
Ok,16-09-2025 14:35:00,1758013500,714.55,715.50,714.40,714.50,715.76,35348,0,4761050,0
Ok,16-09-2025 14:30:00,1758013200,714.15,714.90,713.80,714.90,713.81,14092,0,4725702,0
Ok,16-09-2025 14:25:00,1758012900,713.90,714.75,713.80,713.80,716.30,12409,0,4711610,0
Ok,16-09-2025 14:20:00,1758012600,714.80,715.50,713.70,713.95,713.42,13424,0,4699201,0
Ok,16-09-2025 14:15:00,1758012300,713.30,715.00,713.20,714.85,714.03,23567,0,4685777,0
Ok,16-09-2025 14:10:00,1758012000,713.80,713.80,713.20,713.20,710.54,6931,0,4662210,0
Ok,16-09-2025 14:05:00,1758011700,713.20,714.40,713.00,713.50,714.28,14339,0,4655279,0
Ok,16-09-2025 14:00:00,1758011400,713.50,714.05,712.60,713.50,713.85,27216,0,4640940,0
Ok,16-09-2025 13:55:00,1758011100,713.50,713.90,713.50,713.55,714.06,13778,0,4613724,0
Ok,16-09-2025 13:50:00,1758010800,714.00,714.20,713.50,713.55,712.09,15255,0,4599946,0
Ok,16-09-2025 13:45:00,1758010500,714.15,714.50,713.60,713.95,715.18,10200,0,4584691,0
Ok,16-09-2025 13:40:00,1758010200,714.05,714.50,713.90,714.50,712.95,8135,0,4574491,0
Ok,16-09-2025 13:35:00,1758009900,714.00,714.30,713.60,714.00,714.60,14243,0,4566356,0
Ok,16-09-2025 13:30:00,1758009600,713.50,714.10,713.50,713.75,711.92,7388,0,4552113,0
Ok,16-09-2025 13:25:00,1758009300,715.10,715.35,713.10,713.65,713.68,17143,0,4544725,0
Ok,16-09-2025 13:20:00,1758009000,715.70,716.75,714.05,715.00,715.99,43269,0,4527582,0
Ok,16-09-2025 13:15:00,1758008700,714.00,716.70,713.50,716.05,714.69,41342,0,4484313,0
Ok,16-09-2025 13:10:00,1758008400,714.10,714.75,714.00,714.20,716.40,11017,0,4442971,0
Ok,16-09-2025 13:05:00,1758008100,715.00,715.30,714.00,714.00,714.48,13265,0,4431954,0
Ok,16-09-2025 13:00:00,1758007800,714.25,715.30,714.00,715.30,713.81,8248,0,4418689,0
Ok,16-09-2025 12:55:00,1758007500,715.30,715.30,714.00,714.30,714.58,17679,0,4410441,0
Ok,16-09-2025 12:50:00,1758007200,714.70,715.50,714.30,715.00,714.33,25616,0,4392762,0
Ok,16-09-2025 12:45:00,1758006900,713.70,715.15,713.50,714.30,715.58,19239,0,4367146,0
Ok,16-09-2025 12:40:00,1758006600,712.70,714.15,712.70,713.80,712.03,13730,0,4347907,0
Ok,16-09-2025 12:35:00,1758006300,713.15,713.30,712.00,712.90,712.98,29369,0,4334177,0
Ok,16-09-2025 12:30:00,1758006000,713.55,714.35,713.00,713.30,714.29,20414,0,4304808,0
Ok,16-09-2025 12:25:00,1758005700,713.65,714.75,713.50,713.80,712.65,10527,0,4284394,0
Ok,16-09-2025 12:20:00,1758005400,713.90,715.55,713.50,713.80,714.23,31919,0,4273867,0
Ok,16-09-2025 12:15:00,1758005100,713.50,714.00,713.00,713.85,715.32,13184,0,4241948,0
Ok,16-09-2025 12:10:00,1758004800,715.00,715.00,712.65,713.25,713.03,45565,0,4228764,0
Ok,16-09-2025 12:05:00,1758004500,715.25,715.55,714.35,714.70,715.18,20981,0,4183199,0
Ok,16-09-2025 12:00:00,1758004200,716.00,716.30,715.00,715.30,714.77,8002,0,4162218,0
Ok,16-09-2025 11:55:00,1758003900,716.70,716.70,715.00,715.70,715.93,13437,0,4154216,0
Ok,16-09-2025 11:50:00,1758003600,716.05,717.00,716.05,716.65,716.58,14364,0,4140779,0
Ok,16-09-2025 11:45:00,1758003300,716.00,716.95,716.00,716.15,718.95,13101,0,4126415,0
Ok,16-09-2025 11:40:00,1758003000,715.55,716.55,715.50,716.20,713.45,10431,0,4113314,0
Ok,16-09-2025 11:35:00,1758002700,716.45,718.00,715.50,715.65,717.18,40099,0,4102883,0
Ok,16-09-2025 11:30:00,1758002400,714.60,717.00,714.00,716.50,716.07,26085,0,4062784,0
Ok,16-09-2025 11:25:00,1758002100,714.45,714.50,713.50,714.50,713.14,16367,0,4036699,0
Ok,16-09-2025 11:20:00,1758001800,715.00,715.85,713.50,714.00,713.88,27569,0,4020332,0
Ok,16-09-2025 11:15:00,1758001500,716.50,716.90,715.00,715.35,715.79,32448,0,3992763,0
Ok,16-09-2025 11:10:00,1758001200,715.50,720.90,715.50,717.00,718.30,190294,0,3960315,0
Ok,16-09-2025 11:05:00,1758000900,713.20,716.00,712.50,716.00,714.58,39219,0,3770021,0
Ok,16-09-2025 11:00:00,1758000600,713.00,713.75,712.70,713.25,713.09,22757,0,3730802,0
Ok,16-09-2025 10:55:00,1758000300,714.15,714.70,712.40,713.30,712.72,19163,0,3708045,0
Ok,16-09-2025 10:50:00,1758000000,712.20,714.70,712.20,714.20,713.46,25747,0,3688882,0
Ok,16-09-2025 10:45:00,1757999700,714.15,714.45,711.90,712.45,713.19,35798,0,3663135,0
Ok,16-09-2025 10:40:00,1757999400,715.30,716.55,714.00,714.00,715.47,67817,0,3627337,0
Ok,16-09-2025 10:35:00,1757999100,712.00,715.85,711.50,715.60,713.57,69137,0,3559520,0
Ok,16-09-2025 10:30:00,1757998800,712.70,712.90,711.00,711.80,711.94,50395,0,3490383,0
Ok,16-09-2025 10:25:00,1757998500,713.25,713.50,710.00,712.50,711.26,158747,0,3439988,0
Ok,16-09-2025 10:20:00,1757998200,716.05,716.40,712.50,713.50,714.07,131604,0,3281241,0
Ok,16-09-2025 10:15:00,1757997900,718.00,718.35,715.60,716.40,716.54,71869,0,3149637,0
Ok,16-09-2025 10:10:00,1757997600,717.20,718.55,715.00,717.90,716.30,138601,0,3077768,0
Ok,16-09-2025 10:05:00,1757997300,716.15,717.80,716.00,717.15,716.74,81255,0,2939167,0
Ok,16-09-2025 10:00:00,1757997000,716.45,717.60,716.05,716.45,717.02,95435,0,2857912,0
Ok,16-09-2025 09:55:00,1757996700,720.60,720.95,715.50,716.05,717.55,217346,0,2762477,0
Ok,16-09-2025 09:50:00,1757996400,724.05,724.05,719.00,720.70,720.76,117740,0,2545131,0
Ok,16-09-2025 09:45:00,1757996100,718.90,725.65,718.50,723.60,722.04,186277,0,2427391,0
Ok,16-09-2025 09:40:00,1757995800,721.70,721.70,718.00,718.80,719.47,174750,0,2241114,0
Ok,16-09-2025 09:35:00,1757995500,727.25,727.55,717.80,721.75,721.83,363890,0,2066364,0
Ok,16-09-2025 09:30:00,1757995200,729.65,729.95,725.40,727.50,727.27,139334,0,1702474,0
Ok,16-09-2025 09:25:00,1757994900,741.35,741.60,722.30,729.95,729.97,631052,0,1563140,0
Ok,16-09-2025 09:20:00,1757994600,741.60,744.75,740.30,741.70,742.20,248286,0,932088,0
Ok,16-09-2025 09:15:00,1757994300,737.05,747.85,737.05,741.70,741.89,659483,0,683802,0
