stat,time,ssboe,into,inth,intl,intc,intvwap,intv,intoi,v,oi
Ok,23-09-2025 15:25:00,1758621300,780.75,780.80,780.00,780.20,780.13,5233,0,166817,0
Ok,23-09-2025 15:20:00,1758621000,780.80,780.90,780.00,780.85,779.95,3743,0,161584,0
Ok,23-09-2025 15:15:00,1758620700,780.15,781.00,780.00,780.85,780.77,2304,0,157841,0
Ok,23-09-2025 15:10:00,1758620400,780.20,781.00,780.00,780.75,780.15,2222,0,155537,0
Ok,23-09-2025 15:05:00,1758620100,780.55,781.00,780.00,780.75,780.30,1478,0,153315,0
Ok,23-09-2025 15:00:00,1758619800,780.40,781.85,780.20,780.60,780.91,1957,0,151837,0
Ok,23-09-2025 14:55:00,1758619500,780.75,781.00,780.20,780.80,779.39,697,0,149880,0
Ok,23-09-2025 14:50:00,1758619200,780.25,781.70,780.00,781.70,779.99,4099,0,149183,0
Ok,23-09-2025 14:45:00,1758618900,783.05,784.25,779.80,780.45,783.82,6965,0,145084,0
Ok,23-09-2025 14:40:00,1758618600,780.50,783.90,779.90,783.90,781.87,3695,0,138119,0
Ok,23-09-2025 14:35:00,1758618300,780.50,781.80,780.00,780.75,780.65,3186,0,134424,0
Ok,23-09-2025 14:30:00,1758618000,780.80,781.00,780.05,781.00,780.32,1059,0,131238,0
Ok,23-09-2025 14:25:00,1758617700,780.60,780.85,780.60,780.85,780.14,237,0,130179,0
Ok,23-09-2025 14:20:00,1758617400,779.85,781.00,779.85,780.85,783.01,374,0,129942,0
Ok,23-09-2025 14:15:00,1758617100,780.10,781.00,780.10,780.60,779.09,2171,0,129568,0
Ok,23-09-2025 14:10:00,1758616800,780.65,780.80,780.00,780.20,791.39,170,0,127397,0
Ok,23-09-2025 14:05:00,1758616500,780.70,781.00,779.70,780.50,778.38,933,0,127227,0
Ok,23-09-2025 14:00:00,1758616200,780.95,781.00,780.00,780.80,785.05,1081,0,126294,0
Ok,23-09-2025 13:55:00,1758615900,780.70,781.55,780.40,781.00,771.03,536,0,125213,0
Ok,23-09-2025 13:50:00,1758615600,784.25,785.00,781.00,781.00,783.76,2035,0,124677,0
Ok,23-09-2025 13:45:00,1758615300,783.00,785.00,780.70,785.00,782.75,9999,0,122642,0
Ok,23-09-2025 13:40:00,1758615000,777.90,783.00,777.40,782.70,779.43,7782,0,112643,0
Ok,23-09-2025 13:35:00,1758614700,777.00,777.65,777.00,777.65,778.19,263,0,104861,0
Ok,23-09-2025 13:30:00,1758614400,777.65,778.00,776.80,777.45,778.12,786,0,104598,0
Ok,23-09-2025 13:25:00,1758614100,775.10,778.00,775.10,778.00,776.38,4556,0,103812,0
Ok,23-09-2025 13:20:00,1758613800,774.00,776.00,774.00,776.00,775.21,2038,0,99256,0
Ok,23-09-2025 13:15:00,1758613500,774.50,774.55,774.35,774.55,781.94,59,0,97218,0
Ok,23-09-2025 13:10:00,1758613200,775.00,775.00,774.15,774.50,774.48,215,0,97159,0
Ok,23-09-2025 13:05:00,1758612900,773.65,775.00,773.65,774.55,774.20,4834,0,96944,0
Ok,23-09-2025 13:00:00,1758612600,768.10,773.00,768.00,773.00,769.92,3758,0,92110,0
Ok,23-09-2025 12:55:00,1758612300,767.35,767.40,766.30,767.40,768.81,218,0,88352,0
Ok,23-09-2025 12:50:00,1758612000,766.50,766.95,766.10,766.95,764.77,198,0,88134,0
Ok,23-09-2025 12:45:00,1758611700,766.50,767.75,766.50,766.90,771.90,123,0,87936,0
Ok,23-09-2025 12:40:00,1758611400,767.25,767.75,767.00,767.45,767.17,719,0,87813,0
Ok,23-09-2025 12:35:00,1758611100,765.75,767.10,765.40,767.10,766.17,3468,0,87094,0
Ok,23-09-2025 12:30:00,1758610800,765.10,765.80,764.85,765.80,764.18,1688,0,83626,0
Ok,23-09-2025 12:25:00,1758610500,764.40,765.10,764.40,765.10,764.69,108,0,81938,0
Ok,23-09-2025 12:20:00,1758610200,764.50,764.80,764.50,764.80,764.69,1,0,81830,0
Ok,23-09-2025 12:15:00,1758609900,765.50,765.50,764.50,764.50,764.69,146,0,81829,0
Ok,23-09-2025 12:10:00,1758609600,765.20,765.45,765.15,765.45,764.69,43,0,81683,0
Ok,23-09-2025 12:05:00,1758609300,764.90,765.15,764.90,765.15,855.39,9,0,81640,0
Ok,23-09-2025 12:00:00,1758609000,764.90,765.20,764.90,764.90,764.68,85,0,81631,0
Ok,23-09-2025 11:55:00,1758608700,764.00,764.40,763.90,764.40,759.77,166,0,81546,0
Ok,23-09-2025 11:50:00,1758608400,764.10,764.45,763.75,764.45,764.69,66,0,81380,0
Ok,23-09-2025 11:45:00,1758608100,764.20,764.75,764.00,764.00,764.69,35,0,81314,0
Ok,23-09-2025 11:40:00,1758607800,765.00,765.05,763.95,763.95,764.69,183,0,81279,0
Ok,23-09-2025 11:35:00,1758607500,762.20,764.15,762.15,763.05,764.69,288,0,81096,0
Ok,23-09-2025 11:30:00,1758607200,763.85,763.90,762.60,762.65,764.69,32,0,80808,0
Ok,23-09-2025 11:25:00,1758606900,764.45,764.45,763.85,763.85,764.69,50,0,80776,0
Ok,23-09-2025 11:20:00,1758606600,765.00,765.00,763.80,764.45,764.69,127,0,80726,0
Ok,23-09-2025 11:15:00,1758606300,765.35,765.50,765.05,765.50,764.69,12,0,80599,0
Ok,23-09-2025 11:10:00,1758606000,765.55,765.65,764.55,764.85,764.69,313,0,80587,0
Ok,23-09-2025 11:05:00,1758605700,764.50,765.50,764.50,765.50,764.69,199,0,80274,0
Ok,23-09-2025 11:00:00,1758605400,765.00,765.45,764.15,764.90,764.69,144,0,80075,0
Ok,23-09-2025 10:55:00,1758605100,765.70,767.40,764.20,764.20,765.47,2924,0,79931,0
Ok,23-09-2025 10:50:00,1758604800,763.40,767.20,763.40,765.70,765.72,2783,0,77007,0
Ok,23-09-2025 10:45:00,1758604500,764.20,764.35,762.30,763.55,762.05,1421,0,74224,0
Ok,23-09-2025 10:40:00,1758604200,764.65,765.30,763.15,763.15,764.67,460,0,72803,0
Ok,23-09-2025 10:35:00,1758603900,760.00,765.90,760.00,765.15,761.66,13360,0,72343,0
Ok,23-09-2025 10:30:00,1758603600,761.45,761.45,760.20,760.20,765.35,53,0,58983,0
Ok,23-09-2025 10:25:00,1758603300,761.00,762.80,760.00,761.80,761.38,7074,0,58930,0
Ok,23-09-2025 10:20:00,1758603000,762.20,762.20,760.00,760.00,760.30,6216,0,51856,0
Ok,23-09-2025 10:15:00,1758602700,762.55,763.15,761.90,761.90,762.43,1471,0,45640,0
Ok,23-09-2025 10:10:00,1758602400,765.30,765.30,763.20,763.20,764.63,606,0,44169,0
Ok,23-09-2025 10:05:00,1758602100,764.75,765.60,764.60,765.50,765.02,1861,0,43563,0
Ok,23-09-2025 10:00:00,1758601800,764.60,764.75,764.00,764.05,763.20,225,0,41702,0
Ok,23-09-2025 09:55:00,1758601500,764.75,764.75,764.30,764.30,766.92,168,0,41477,0
Ok,23-09-2025 09:50:00,1758601200,764.75,765.35,763.90,765.30,764.08,290,0,41309,0
Ok,23-09-2025 09:45:00,1758600900,764.90,765.50,764.40,764.60,764.73,1264,0,41019,0
Ok,23-09-2025 09:40:00,1758600600,765.30,765.85,764.20,765.15,765.78,322,0,39755,0
Ok,23-09-2025 09:35:00,1758600300,761.25,766.00,761.25,766.00,761.51,6924,0,39433,0
Ok,23-09-2025 09:30:00,1758600000,764.00,764.00,760.05,760.05,762.21,3013,0,32509,0
Ok,23-09-2025 09:25:00,1758599700,767.45,769.30,764.65,764.70,767.14,9796,0,29496,0
Ok,23-09-2025 09:20:00,1758599400,768.50,773.00,767.95,767.95,769.26,14105,0,19700,0
Ok,23-09-2025 09:15:00,1758599100,771.00,773.70,769.30,769.90,770.52,5398,0,5595,0
