stat,time,ssboe,into,inth,intl,intc,intvwap,intv,intoi,v,oi
Ok,23-09-2025 15:25:00,1758621300,114.95,115.90,114.95,115.75,114.87,5580,0,540154,0
Ok,23-09-2025 15:20:00,1758621000,115.35,115.45,114.85,114.95,114.87,1358,0,534574,0
Ok,23-09-2025 15:15:00,1758620700,115.00,115.30,114.85,115.30,114.87,90454,0,533216,0
Ok,23-09-2025 15:10:00,1758620400,115.00,115.75,115.00,115.55,114.99,401199,0,442762,0
Ok,23-09-2025 15:05:00,1758620100,114.70,114.85,114.45,114.85,119.15,76,0,41563,0
Ok,23-09-2025 15:00:00,1758619800,114.35,114.70,114.35,114.70,113.69,192,0,41487,0
Ok,23-09-2025 14:55:00,1758619500,114.65,114.65,114.35,114.35,113.69,48,0,41295,0
Ok,23-09-2025 14:50:00,1758619200,114.35,114.65,114.30,114.35,114.77,376,0,41247,0
Ok,23-09-2025 14:45:00,1758618900,114.60,114.60,114.60,114.60,114.91,327,0,40871,0
Ok,23-09-2025 14:40:00,1758618600,114.35,114.35,114.35,114.35,113.67,50,0,40544,0
Ok,23-09-2025 14:35:00,1758618300,114.50,114.50,114.50,114.50,0.00,0,0,40494,0
Ok,23-09-2025 14:30:00,1758618000,114.50,114.50,114.50,114.50,113.67,2,0,40494,0
Ok,23-09-2025 14:25:00,1758617700,114.00,114.20,114.00,114.20,114.05,2867,0,40492,0
Ok,23-09-2025 14:20:00,1758617400,114.05,114.05,114.05,114.05,0.00,0,0,37625,0
Ok,23-09-2025 14:15:00,1758617100,114.10,114.10,114.05,114.05,113.64,184,0,37625,0
Ok,23-09-2025 14:10:00,1758616800,114.10,114.10,114.10,114.10,0.00,0,0,37441,0
Ok,23-09-2025 14:05:00,1758616500,114.00,114.10,114.00,114.10,113.64,131,0,37441,0
Ok,23-09-2025 14:00:00,1758616200,113.80,114.00,113.80,114.00,0.00,0,0,37310,0
Ok,23-09-2025 13:55:00,1758615900,113.80,113.80,113.80,113.80,0.00,0,0,37310,0
Ok,23-09-2025 13:50:00,1758615600,114.00,114.00,113.80,113.80,113.64,68,0,37310,0
Ok,23-09-2025 13:45:00,1758615300,113.80,113.80,113.80,113.80,0.00,0,0,37242,0
Ok,23-09-2025 13:40:00,1758615000,113.90,113.90,113.80,113.80,113.64,10,0,37242,0
Ok,23-09-2025 13:35:00,1758614700,113.90,113.90,113.90,113.90,0.00,0,0,37232,0
Ok,23-09-2025 13:30:00,1758614400,114.10,114.10,113.80,113.90,113.64,213,0,37232,0
Ok,23-09-2025 13:25:00,1758614100,114.10,114.10,114.10,114.10,0.00,0,0,37019,0
Ok,23-09-2025 13:20:00,1758613800,114.10,114.10,114.10,114.10,114.26,1700,0,37019,0
Ok,23-09-2025 13:15:00,1758613500,114.10,114.10,114.10,114.10,0.00,0,0,35319,0
Ok,23-09-2025 13:10:00,1758613200,114.10,114.10,114.10,114.10,113.61,13,0,35319,0
Ok,23-09-2025 13:05:00,1758612900,114.10,114.10,114.10,114.10,113.61,24,0,35306,0
Ok,23-09-2025 13:00:00,1758612600,114.10,114.10,114.10,114.10,113.61,201,0,35282,0
Ok,23-09-2025 12:55:00,1758612300,114.10,114.10,114.10,114.10,0.00,0,0,35081,0
Ok,23-09-2025 12:50:00,1758612000,114.10,114.10,114.10,114.10,113.61,1,0,35081,0
Ok,23-09-2025 12:45:00,1758611700,114.10,114.10,114.10,114.10,113.61,28,0,35080,0
Ok,23-09-2025 12:40:00,1758611400,114.00,114.10,114.00,114.10,114.21,564,0,35052,0
Ok,23-09-2025 12:35:00,1758611100,114.00,114.00,114.00,114.00,113.60,2,0,34488,0
Ok,23-09-2025 12:30:00,1758610800,114.00,114.00,114.00,114.00,113.60,569,0,34486,0
Ok,23-09-2025 12:25:00,1758610500,114.10,114.40,114.05,114.05,114.49,739,0,33917,0
Ok,23-09-2025 12:20:00,1758610200,114.10,114.20,114.10,114.10,114.13,1149,0,33178,0
Ok,23-09-2025 12:15:00,1758609900,114.00,114.10,114.00,114.10,113.56,97,0,32029,0
Ok,23-09-2025 12:10:00,1758609600,114.00,114.10,114.00,114.10,113.56,251,0,31932,0
Ok,23-09-2025 12:05:00,1758609300,114.10,114.10,114.10,114.10,0.00,0,0,31681,0
Ok,23-09-2025 12:00:00,1758609000,114.10,114.10,114.10,114.10,113.56,9,0,31681,0
Ok,23-09-2025 11:55:00,1758608700,114.10,114.30,114.10,114.30,114.06,610,0,31672,0
Ok,23-09-2025 11:50:00,1758608400,113.75,113.80,113.75,113.80,113.55,164,0,31062,0
Ok,23-09-2025 11:45:00,1758608100,113.75,113.75,113.75,113.75,0.00,0,0,30898,0
Ok,23-09-2025 11:40:00,1758607800,113.70,113.75,113.70,113.75,0.00,0,0,30898,0
Ok,23-09-2025 11:35:00,1758607500,113.70,113.70,113.70,113.70,113.55,2,0,30898,0
Ok,23-09-2025 11:30:00,1758607200,113.70,113.70,113.70,113.70,0.00,0,0,30896,0
Ok,23-09-2025 11:25:00,1758606900,113.70,113.70,113.70,113.70,113.55,4,0,30896,0
Ok,23-09-2025 11:20:00,1758606600,113.70,113.70,113.70,113.70,0.00,0,0,30892,0
Ok,23-09-2025 11:15:00,1758606300,113.70,113.70,113.70,113.70,0.00,0,0,30892,0
Ok,23-09-2025 11:10:00,1758606000,113.70,113.70,113.70,113.70,0.00,0,0,30892,0
Ok,23-09-2025 11:05:00,1758605700,113.55,113.75,113.55,113.70,113.56,19080,0,30892,0
Ok,23-09-2025 11:00:00,1758605400,113.35,113.55,113.35,113.55,113.51,73,0,11812,0
Ok,23-09-2025 10:55:00,1758605100,113.50,113.50,113.50,113.50,113.51,877,0,11739,0
Ok,23-09-2025 10:50:00,1758604800,113.55,113.55,113.50,113.50,113.51,103,0,10862,0
Ok,23-09-2025 10:45:00,1758604500,113.50,113.50,113.50,113.50,113.51,300,0,10759,0
Ok,23-09-2025 10:40:00,1758604200,113.50,113.50,113.50,113.50,0.00,0,0,10459,0
Ok,23-09-2025 10:35:00,1758603900,113.50,113.50,113.50,113.50,113.51,307,0,10459,0
Ok,23-09-2025 10:30:00,1758603600,113.55,113.55,113.50,113.50,112.10,72,0,10152,0
Ok,23-09-2025 10:25:00,1758603300,113.50,113.55,113.50,113.55,113.52,91,0,10080,0
Ok,23-09-2025 10:20:00,1758603000,113.50,113.50,113.50,113.50,0.00,0,0,9989,0
Ok,23-09-2025 10:15:00,1758602700,113.50,113.50,113.50,113.50,113.52,386,0,9989,0
Ok,23-09-2025 10:10:00,1758602400,113.50,113.50,113.50,113.50,113.52,259,0,9603,0
Ok,23-09-2025 10:05:00,1758602100,113.50,113.50,113.40,113.40,113.52,110,0,9344,0
Ok,23-09-2025 10:00:00,1758601800,113.50,113.50,113.50,113.50,113.52,1208,0,9234,0
Ok,23-09-2025 09:55:00,1758601500,113.50,113.50,113.50,113.50,113.52,9,0,8026,0
Ok,23-09-2025 09:50:00,1758601200,113.50,113.50,113.50,113.50,113.52,1,0,8017,0
Ok,23-09-2025 09:45:00,1758600900,113.40,113.50,113.40,113.50,113.52,22,0,8016,0
Ok,23-09-2025 09:40:00,1758600600,113.35,113.40,113.35,113.40,113.09,188,0,7994,0
Ok,23-09-2025 09:35:00,1758600300,113.45,113.45,113.30,113.30,113.53,148,0,7806,0
Ok,23-09-2025 09:30:00,1758600000,113.40,113.45,113.30,113.45,113.39,3098,0,7658,0
Ok,23-09-2025 09:25:00,1758599700,113.40,113.40,113.40,113.40,113.62,67,0,4560,0
Ok,23-09-2025 09:20:00,1758599400,113.30,113.30,113.20,113.30,113.27,250,0,4493,0
Ok,23-09-2025 09:15:00,1758599100,113.55,113.90,113.10,113.30,113.63,4243,0,4243,0
