stat,time,ssboe,into,inth,intl,intc,intvwap,intv,intoi,v,oi
Ok,23-09-2025 15:25:00,1758621300,156.90,157.05,156.50,156.50,156.62,16316,0,603140,0
Ok,23-09-2025 15:20:00,1758621000,156.91,157.02,156.80,156.88,157.12,9468,0,586824,0
Ok,23-09-2025 15:15:00,1758620700,156.50,157.04,156.41,157.04,156.91,20143,0,577356,0
Ok,23-09-2025 15:10:00,1758620400,156.70,156.75,156.61,156.61,157.78,1079,0,557213,0
Ok,23-09-2025 15:05:00,1758620100,156.83,157.02,156.40,156.40,155.65,5187,0,556134,0
Ok,23-09-2025 15:00:00,1758619800,156.52,156.72,156.51,156.72,156.57,4465,0,550947,0
Ok,23-09-2025 14:55:00,1758619500,156.43,156.50,156.43,156.45,156.88,11701,0,546482,0
Ok,23-09-2025 14:50:00,1758619200,156.64,156.64,156.41,156.54,156.46,7761,0,534781,0
Ok,23-09-2025 14:45:00,1758618900,156.88,156.88,156.40,156.50,156.15,12167,0,527020,0
Ok,23-09-2025 14:40:00,1758618600,156.88,156.97,156.75,156.75,157.89,663,0,514853,0
Ok,23-09-2025 14:35:00,1758618300,156.78,156.80,156.71,156.71,157.89,1584,0,514190,0
Ok,23-09-2025 14:30:00,1758618000,156.67,156.85,156.57,156.57,157.07,6224,0,512606,0
Ok,23-09-2025 14:25:00,1758617700,156.69,156.86,156.61,156.86,154.88,1673,0,506382,0
Ok,23-09-2025 14:20:00,1758617400,157.00,157.00,156.55,156.55,156.54,3682,0,504709,0
Ok,23-09-2025 14:15:00,1758617100,156.90,157.06,156.72,157.00,157.92,1243,0,501027,0
Ok,23-09-2025 14:10:00,1758616800,157.19,157.19,156.99,157.00,157.92,303,0,499784,0
Ok,23-09-2025 14:05:00,1758616500,156.75,157.18,156.75,157.18,157.92,1801,0,499481,0
Ok,23-09-2025 14:00:00,1758616200,156.47,156.80,156.40,156.75,156.25,2971,0,497680,0
Ok,23-09-2025 13:55:00,1758615900,157.00,157.00,156.00,156.36,156.34,17997,0,494709,0
Ok,23-09-2025 13:50:00,1758615600,157.19,157.19,157.00,157.10,149.03,532,0,476712,0
Ok,23-09-2025 13:45:00,1758615300,157.19,157.19,157.19,157.19,158.00,709,0,476180,0
Ok,23-09-2025 13:40:00,1758615000,157.30,157.31,157.11,157.11,158.00,231,0,475471,0
Ok,23-09-2025 13:35:00,1758614700,157.30,157.30,157.00,157.30,157.33,7067,0,475240,0
Ok,23-09-2025 13:30:00,1758614400,158.08,158.32,157.50,157.51,158.01,15363,0,468173,0
Ok,23-09-2025 13:25:00,1758614100,157.89,158.07,157.68,157.91,158.01,2225,0,452810,0
Ok,23-09-2025 13:20:00,1758613800,159.36,159.36,158.20,158.20,158.70,12515,0,450585,0
Ok,23-09-2025 13:15:00,1758613500,158.64,159.48,158.49,159.36,159.03,16074,0,438070,0
Ok,23-09-2025 13:10:00,1758613200,158.20,158.90,158.20,158.62,158.48,22314,0,421996,0
Ok,23-09-2025 13:05:00,1758612900,157.65,158.40,157.37,158.40,157.77,26455,0,399682,0
Ok,23-09-2025 13:00:00,1758612600,157.65,157.65,157.51,157.51,157.93,243,0,373227,0
Ok,23-09-2025 12:55:00,1758612300,157.54,157.65,157.54,157.65,157.93,303,0,372984,0
Ok,23-09-2025 12:50:00,1758612000,157.64,157.64,157.54,157.54,157.93,215,0,372681,0
Ok,23-09-2025 12:45:00,1758611700,157.96,158.20,157.47,157.49,157.93,6700,0,372466,0
Ok,23-09-2025 12:40:00,1758611400,157.60,158.24,157.55,158.21,157.93,6410,0,365766,0
Ok,23-09-2025 12:35:00,1758611100,157.24,157.56,157.19,157.56,157.93,2920,0,359356,0
Ok,23-09-2025 12:30:00,1758610800,156.80,157.24,156.80,157.24,156.86,6579,0,356436,0
Ok,23-09-2025 12:25:00,1758610500,156.98,157.39,156.98,157.21,156.93,6757,0,349857,0
Ok,23-09-2025 12:20:00,1758610200,157.00,157.00,156.42,156.87,156.76,11078,0,343100,0
Ok,23-09-2025 12:15:00,1758609900,157.05,157.10,156.89,156.89,156.92,3052,0,332022,0
Ok,23-09-2025 12:10:00,1758609600,157.08,157.08,156.81,157.04,158.02,830,0,328970,0
Ok,23-09-2025 12:05:00,1758609300,156.90,157.50,156.80,157.00,157.06,22485,0,328140,0
Ok,23-09-2025 12:00:00,1758609000,156.88,156.89,156.80,156.89,158.09,747,0,305655,0
Ok,23-09-2025 11:55:00,1758608700,157.00,157.00,156.80,156.88,156.56,9710,0,304908,0
Ok,23-09-2025 11:50:00,1758608400,156.86,157.00,156.48,156.80,157.26,3374,0,295198,0
Ok,23-09-2025 11:45:00,1758608100,156.90,157.09,156.85,156.98,156.95,7165,0,291824,0
Ok,23-09-2025 11:40:00,1758607800,156.34,156.89,156.34,156.87,156.56,10223,0,284659,0
Ok,23-09-2025 11:35:00,1758607500,156.33,156.34,156.18,156.33,158.24,409,0,274436,0
Ok,23-09-2025 11:30:00,1758607200,156.30,156.35,156.16,156.16,156.35,1446,0,274027,0
Ok,23-09-2025 11:25:00,1758606900,156.36,156.75,156.14,156.50,156.22,17723,0,272581,0
Ok,23-09-2025 11:20:00,1758606600,156.48,156.48,156.14,156.35,156.28,8217,0,254858,0
Ok,23-09-2025 11:15:00,1758606300,156.51,156.59,156.35,156.48,156.19,2160,0,246641,0
Ok,23-09-2025 11:10:00,1758606000,156.77,156.77,156.30,156.30,156.75,4182,0,244481,0
Ok,23-09-2025 11:05:00,1758605700,156.80,156.80,156.70,156.77,155.28,743,0,240299,0
Ok,23-09-2025 11:00:00,1758605400,156.63,156.80,156.63,156.79,156.75,6600,0,239556,0
Ok,23-09-2025 10:55:00,1758605100,156.72,156.90,156.69,156.73,157.11,4721,0,232956,0
Ok,23-09-2025 10:50:00,1758604800,156.94,156.94,156.75,156.85,158.60,38,0,228235,0
Ok,23-09-2025 10:45:00,1758604500,157.02,157.14,156.78,156.78,156.84,7576,0,228197,0
Ok,23-09-2025 10:40:00,1758604200,157.33,157.33,157.00,157.17,157.43,3557,0,220621,0
Ok,23-09-2025 10:35:00,1758603900,157.29,157.35,157.16,157.34,156.80,1154,0,217064,0
Ok,23-09-2025 10:30:00,1758603600,157.46,157.49,157.29,157.29,157.58,1949,0,215910,0
Ok,23-09-2025 10:25:00,1758603300,157.20,157.44,157.20,157.43,157.35,1583,0,213961,0
Ok,23-09-2025 10:20:00,1758603000,157.67,157.67,157.16,157.20,157.12,6528,0,212378,0
Ok,23-09-2025 10:15:00,1758602700,158.05,158.05,157.42,157.67,157.27,37401,0,205850,0
Ok,23-09-2025 10:10:00,1758602400,157.93,158.05,157.90,158.04,157.44,3018,0,168449,0
Ok,23-09-2025 10:05:00,1758602100,157.93,158.24,157.93,158.23,158.12,4868,0,165431,0
Ok,23-09-2025 10:00:00,1758601800,157.92,158.40,157.92,158.00,158.04,9638,0,160563,0
Ok,23-09-2025 09:55:00,1758601500,157.65,158.17,157.65,157.79,158.08,5153,0,150925,0
Ok,23-09-2025 09:50:00,1758601200,158.42,158.42,157.44,157.63,157.83,8663,0,145772,0
Ok,23-09-2025 09:45:00,1758600900,159.20,159.20,158.50,158.50,158.61,13633,0,137109,0
Ok,23-09-2025 09:40:00,1758600600,159.26,159.26,159.01,159.20,157.12,1585,0,123476,0
Ok,23-09-2025 09:35:00,1758600300,158.80,159.46,158.80,159.38,159.26,11357,0,121891,0
Ok,23-09-2025 09:30:00,1758600000,159.04,159.30,158.91,158.93,159.02,6953,0,110534,0
Ok,23-09-2025 09:25:00,1758599700,158.78,159.82,158.78,159.42,159.54,42532,0,103581,0
Ok,23-09-2025 09:20:00,1758599400,159.80,159.80,158.94,158.94,159.41,31425,0,61049,0
Ok,23-09-2025 09:15:00,1758599100,159.47,159.93,159.30,159.42,159.60,27968,0,29624,0
