stat,time,ssboe,into,inth,intl,intc,intvwap,intv,intoi,v,oi
Ok,23-09-2025 15:25:00,1758621300,122.29,123.80,122.02,123.80,122.90,24439,0,179075,0
Ok,23-09-2025 15:20:00,1758621000,121.37,122.22,121.19,122.01,121.19,5287,0,154636,0
Ok,23-09-2025 15:15:00,1758620700,121.09,121.40,120.85,121.37,121.71,3083,0,149349,0
Ok,23-09-2025 15:10:00,1758620400,121.24,121.49,120.85,121.40,121.08,913,0,146266,0
Ok,23-09-2025 15:05:00,1758620100,121.38,121.50,120.93,120.96,121.29,3076,0,145353,0
Ok,23-09-2025 15:00:00,1758619800,121.45,121.50,121.24,121.24,120.28,583,0,142277,0
Ok,23-09-2025 14:55:00,1758619500,121.40,121.50,121.40,121.45,122.73,212,0,141694,0
Ok,23-09-2025 14:50:00,1758619200,122.38,122.38,121.40,121.40,121.75,4244,0,141482,0
Ok,23-09-2025 14:45:00,1758618900,122.02,122.47,122.02,122.47,121.71,1305,0,137238,0
Ok,23-09-2025 14:40:00,1758618600,121.33,122.02,121.20,122.02,121.74,1319,0,135933,0
Ok,23-09-2025 14:35:00,1758618300,121.20,121.33,121.20,121.33,122.78,6,0,134614,0
Ok,23-09-2025 14:30:00,1758618000,121.11,121.40,121.00,121.20,121.35,944,0,134608,0
Ok,23-09-2025 14:25:00,1758617700,121.12,121.31,121.12,121.31,122.79,380,0,133664,0
Ok,23-09-2025 14:20:00,1758617400,121.23,121.49,120.70,120.96,120.16,3471,0,133284,0
Ok,23-09-2025 14:15:00,1758617100,121.51,121.52,121.23,121.23,122.86,1704,0,129813,0
Ok,23-09-2025 14:10:00,1758616800,121.51,121.65,121.51,121.51,122.86,291,0,128109,0
Ok,23-09-2025 14:05:00,1758616500,121.36,121.65,121.36,121.51,120.24,488,0,127818,0
Ok,23-09-2025 14:00:00,1758616200,121.30,121.36,121.30,121.36,122.87,1,0,127330,0
Ok,23-09-2025 13:55:00,1758615900,121.55,121.55,121.30,121.30,121.65,1044,0,127329,0
Ok,23-09-2025 13:50:00,1758615600,121.67,121.67,121.55,121.55,122.88,509,0,126285,0
Ok,23-09-2025 13:45:00,1758615300,121.67,121.67,121.52,121.52,92.20,41,0,125776,0
Ok,23-09-2025 13:40:00,1758615000,121.70,121.70,121.67,121.67,122.89,175,0,125735,0
Ok,23-09-2025 13:35:00,1758614700,121.58,121.70,121.45,121.70,122.89,461,0,125560,0
Ok,23-09-2025 13:30:00,1758614400,121.58,121.58,121.35,121.58,120.67,564,0,125099,0
Ok,23-09-2025 13:25:00,1758614100,121.33,121.33,121.33,121.33,0.00,0,0,124535,0
Ok,23-09-2025 13:20:00,1758613800,121.32,121.33,121.31,121.33,122.90,127,0,124535,0
Ok,23-09-2025 13:15:00,1758613500,121.58,121.58,121.32,121.32,122.90,326,0,124408,0
Ok,23-09-2025 13:10:00,1758613200,121.54,121.83,121.35,121.57,120.89,1227,0,124082,0
Ok,23-09-2025 13:05:00,1758612900,121.21,121.83,121.21,121.54,121.63,4614,0,122855,0
Ok,23-09-2025 13:00:00,1758612600,122.21,122.21,121.65,121.74,122.15,4205,0,118241,0
Ok,23-09-2025 12:55:00,1758612300,122.19,122.21,122.12,122.21,122.00,1144,0,114036,0
Ok,23-09-2025 12:50:00,1758612000,122.20,122.20,122.19,122.19,123.01,67,0,112892,0
Ok,23-09-2025 12:45:00,1758611700,122.37,122.37,122.20,122.20,123.01,3,0,112825,0
Ok,23-09-2025 12:40:00,1758611400,122.24,122.45,122.24,122.37,123.01,92,0,112822,0
Ok,23-09-2025 12:35:00,1758611100,122.22,122.24,122.22,122.24,123.01,303,0,112730,0
Ok,23-09-2025 12:30:00,1758610800,122.00,122.22,122.00,122.22,122.00,2201,0,112427,0
Ok,23-09-2025 12:25:00,1758610500,122.01,122.22,122.01,122.22,120.86,509,0,110226,0
Ok,23-09-2025 12:20:00,1758610200,122.24,122.24,122.01,122.01,123.04,107,0,109717,0
Ok,23-09-2025 12:15:00,1758609900,122.31,122.31,122.24,122.24,123.04,170,0,109610,0
Ok,23-09-2025 12:10:00,1758609600,122.41,122.42,122.11,122.31,122.34,1561,0,109440,0
Ok,23-09-2025 12:05:00,1758609300,122.60,122.60,122.41,122.41,123.05,282,0,107879,0
Ok,23-09-2025 12:00:00,1758609000,122.56,122.71,122.54,122.71,123.05,186,0,107597,0
Ok,23-09-2025 11:55:00,1758608700,122.40,122.81,122.40,122.71,122.07,1094,0,107411,0
Ok,23-09-2025 11:50:00,1758608400,122.30,122.46,122.01,122.46,122.63,2462,0,106317,0
Ok,23-09-2025 11:45:00,1758608100,122.18,122.30,122.18,122.30,122.19,5655,0,103855,0
Ok,23-09-2025 11:40:00,1758607800,121.73,122.30,121.73,122.30,122.04,1806,0,98200,0
Ok,23-09-2025 11:35:00,1758607500,121.85,121.85,121.60,121.85,121.85,2908,0,96394,0
Ok,23-09-2025 11:30:00,1758607200,121.53,121.56,121.53,121.55,118.82,214,0,93486,0
Ok,23-09-2025 11:25:00,1758606900,121.87,121.87,121.53,121.53,121.76,650,0,93272,0
Ok,23-09-2025 11:20:00,1758606600,121.61,121.88,121.61,121.87,122.02,2308,0,92622,0
Ok,23-09-2025 11:15:00,1758606300,121.67,121.79,121.52,121.65,121.44,2467,0,90314,0
Ok,23-09-2025 11:10:00,1758606000,121.87,121.99,121.70,121.70,122.15,775,0,87847,0
Ok,23-09-2025 11:05:00,1758605700,121.99,122.00,121.99,122.00,123.29,219,0,87072,0
Ok,23-09-2025 11:00:00,1758605400,122.27,122.27,121.87,121.87,121.64,2072,0,86853,0
Ok,23-09-2025 10:55:00,1758605100,122.18,122.28,122.00,122.28,123.33,419,0,84781,0
Ok,23-09-2025 10:50:00,1758604800,122.22,122.32,121.93,122.00,121.82,1650,0,84362,0
Ok,23-09-2025 10:45:00,1758604500,122.47,122.47,122.22,122.22,120.39,828,0,82712,0
Ok,23-09-2025 10:40:00,1758604200,122.89,122.89,122.47,122.47,123.39,2596,0,81884,0
Ok,23-09-2025 10:35:00,1758603900,122.54,122.63,122.54,122.63,120.86,625,0,79288,0
Ok,23-09-2025 10:30:00,1758603600,122.85,122.85,122.52,122.54,123.11,2645,0,78663,0
Ok,23-09-2025 10:25:00,1758603300,122.76,123.00,122.59,122.86,122.97,1667,0,76018,0
Ok,23-09-2025 10:20:00,1758603000,123.00,123.10,122.81,123.05,122.47,773,0,74351,0
Ok,23-09-2025 10:15:00,1758602700,122.94,123.09,122.80,122.80,123.44,630,0,73578,0
Ok,23-09-2025 10:10:00,1758602400,123.26,123.29,122.75,122.94,122.96,4349,0,72948,0
Ok,23-09-2025 10:05:00,1758602100,123.53,123.53,123.23,123.23,123.47,326,0,68599,0
Ok,23-09-2025 10:00:00,1758601800,123.55,123.70,123.43,123.53,123.47,1138,0,68273,0
Ok,23-09-2025 09:55:00,1758601500,123.49,123.55,123.49,123.55,123.47,364,0,67135,0
Ok,23-09-2025 09:50:00,1758601200,123.42,123.80,123.42,123.50,123.61,4266,0,66771,0
Ok,23-09-2025 09:45:00,1758600900,124.44,124.44,123.12,123.42,123.60,3989,0,62505,0
Ok,23-09-2025 09:40:00,1758600600,124.90,124.90,124.41,124.41,124.65,5693,0,58516,0
Ok,23-09-2025 09:35:00,1758600300,123.67,124.50,123.49,124.50,124.04,11869,0,52823,0
Ok,23-09-2025 09:30:00,1758600000,123.04,124.50,123.04,123.63,124.03,13504,0,40954,0
Ok,23-09-2025 09:25:00,1758599700,122.50,123.39,122.31,123.39,122.57,12447,0,27450,0
Ok,23-09-2025 09:20:00,1758599400,122.44,122.89,122.44,122.54,122.71,2158,0,15003,0
Ok,23-09-2025 09:15:00,1758599100,122.57,123.33,122.30,122.41,122.71,12520,0,12845,0
