stat,time,ssboe,into,inth,intl,intc,intvwap,intv,intoi,v,oi
Ok,25-09-2025 15:25:00,1758794100,361.15,365.00,360.75,362.00,361.55,2422,0,153697,0
Ok,25-09-2025 15:20:00,1758793800,361.00,361.80,360.05,361.75,361.04,2024,0,151275,0
Ok,25-09-2025 15:15:00,1758793500,360.60,362.00,360.50,362.00,361.45,1336,0,149251,0
Ok,25-09-2025 15:10:00,1758793200,362.85,363.25,360.35,361.00,361.99,2587,0,147915,0
Ok,25-09-2025 15:05:00,1758792900,363.10,363.45,363.10,363.45,364.86,94,0,145328,0
Ok,25-09-2025 15:00:00,1758792600,363.00,363.15,363.00,363.10,364.86,23,0,145234,0
Ok,25-09-2025 14:55:00,1758792300,363.10,363.55,362.55,363.05,364.86,62,0,145211,0
Ok,25-09-2025 14:50:00,1758792000,363.20,365.00,362.50,363.10,363.35,6480,0,145149,0
Ok,25-09-2025 14:45:00,1758791700,362.20,365.70,361.50,363.70,363.12,19222,0,138669,0
Ok,25-09-2025 14:40:00,1758791400,362.55,364.50,361.50,362.25,362.48,16271,0,119447,0
Ok,25-09-2025 14:35:00,1758791100,362.70,367.30,362.30,363.00,364.77,24528,0,103176,0
Ok,25-09-2025 14:30:00,1758790800,366.55,368.50,362.30,362.80,365.03,20951,0,78648,0
Ok,25-09-2025 14:25:00,1758790500,368.10,368.10,363.00,366.50,365.65,15342,0,57697,0
Ok,25-09-2025 14:20:00,1758790200,365.55,368.20,365.55,368.20,367.47,6293,0,42355,0
Ok,25-09-2025 14:15:00,1758789900,367.30,367.30,364.20,365.40,365.90,10179,0,36062,0
Ok,25-09-2025 14:10:00,1758789600,365.90,368.50,365.05,367.25,367.04,5188,0,25883,0
Ok,25-09-2025 14:05:00,1758789300,365.80,368.50,365.80,366.80,367.80,1811,0,20695,0
Ok,25-09-2025 14:00:00,1758789000,366.25,366.25,365.60,365.65,366.10,52,0,18884,0
Ok,25-09-2025 13:55:00,1758788700,367.95,367.95,366.50,366.50,367.63,122,0,18832,0
Ok,25-09-2025 13:50:00,1758788400,364.55,367.80,364.55,367.80,366.96,4302,0,18710,0
Ok,25-09-2025 13:45:00,1758788100,365.50,365.50,364.55,364.55,365.11,394,0,14408,0
Ok,25-09-2025 13:40:00,1758787800,365.50,365.50,365.50,365.50,0.00,0,0,14014,0
Ok,25-09-2025 13:35:00,1758787500,365.65,365.85,365.30,365.50,365.85,73,0,14014,0
Ok,25-09-2025 13:30:00,1758787200,365.90,365.90,365.65,365.65,364.69,120,0,13941,0
Ok,25-09-2025 13:25:00,1758786900,365.05,365.90,365.05,365.90,365.86,100,0,13821,0
Ok,25-09-2025 13:20:00,1758786600,365.05,365.05,365.05,365.05,0.00,0,0,13721,0
Ok,25-09-2025 13:15:00,1758786300,365.05,365.05,365.05,365.05,365.86,14,0,13721,0
Ok,25-09-2025 13:10:00,1758786000,365.40,365.40,365.40,365.40,365.86,1,0,13707,0
Ok,25-09-2025 13:05:00,1758785700,366.20,366.20,365.40,365.40,365.86,92,0,13706,0
Ok,25-09-2025 13:00:00,1758785400,366.20,366.20,366.20,366.20,0.00,0,0,13614,0
Ok,25-09-2025 12:55:00,1758785100,366.35,366.35,365.70,365.70,365.86,1,0,13614,0
Ok,25-09-2025 12:50:00,1758784800,366.20,366.30,365.60,366.00,364.67,1445,0,13613,0
Ok,25-09-2025 12:45:00,1758784500,362.90,362.90,362.90,362.90,0.00,0,0,12168,0
Ok,25-09-2025 12:40:00,1758784200,362.90,362.90,362.90,362.90,0.00,0,0,12168,0
Ok,25-09-2025 12:35:00,1758783900,362.90,362.90,362.90,362.90,0.00,0,0,12168,0
Ok,25-09-2025 12:30:00,1758783600,363.95,363.95,362.90,362.90,363.97,60,0,12168,0
Ok,25-09-2025 12:25:00,1758783300,363.50,363.75,363.50,363.75,363.73,53,0,12108,0
Ok,25-09-2025 12:20:00,1758783000,362.50,363.10,362.50,362.50,362.70,1151,0,12055,0
Ok,25-09-2025 12:15:00,1758782700,362.50,362.50,362.50,362.50,363.40,73,0,10904,0
Ok,25-09-2025 12:10:00,1758782400,363.00,363.50,362.50,362.50,362.84,579,0,10831,0
Ok,25-09-2025 12:05:00,1758782100,363.00,363.00,363.00,363.00,363.19,60,0,10252,0
Ok,25-09-2025 12:00:00,1758781800,363.25,363.25,363.20,363.20,366.61,1,0,10192,0
Ok,25-09-2025 11:55:00,1758781500,363.25,363.25,363.25,363.25,363.22,30,0,10191,0
Ok,25-09-2025 11:50:00,1758781200,363.55,363.70,363.55,363.70,366.62,25,0,10161,0
Ok,25-09-2025 11:45:00,1758780900,363.95,363.95,363.95,363.95,0.00,0,0,10136,0
Ok,25-09-2025 11:40:00,1758780600,365.00,365.00,363.05,364.20,363.74,472,0,10136,0
Ok,25-09-2025 11:35:00,1758780300,365.00,365.00,364.60,365.00,363.65,31,0,9664,0
Ok,25-09-2025 11:30:00,1758780000,365.30,365.30,364.75,365.00,366.77,25,0,9633,0
Ok,25-09-2025 11:25:00,1758779700,365.30,365.30,365.30,365.30,0.00,0,0,9608,0
Ok,25-09-2025 11:20:00,1758779400,365.30,365.30,365.30,365.30,0.00,0,0,9608,0
Ok,25-09-2025 11:15:00,1758779100,365.75,365.75,365.30,365.30,365.37,136,0,9608,0
Ok,25-09-2025 11:10:00,1758778800,366.35,366.35,365.00,366.00,365.03,3098,0,9472,0
Ok,25-09-2025 11:05:00,1758778500,367.30,367.70,366.65,366.65,366.97,94,0,6374,0
Ok,25-09-2025 11:00:00,1758778200,367.35,367.35,367.30,367.30,367.25,301,0,6280,0
Ok,25-09-2025 10:55:00,1758777900,366.85,367.35,366.85,367.35,367.67,4,0,5979,0
Ok,25-09-2025 10:50:00,1758777600,367.05,367.20,367.00,367.20,367.67,63,0,5975,0
Ok,25-09-2025 10:45:00,1758777300,367.55,368.00,367.55,368.00,367.67,36,0,5912,0
Ok,25-09-2025 10:40:00,1758777000,366.95,367.95,366.95,367.95,366.84,205,0,5876,0
Ok,25-09-2025 10:35:00,1758776700,368.35,368.35,366.95,366.95,367.70,20,0,5671,0
Ok,25-09-2025 10:30:00,1758776400,368.00,368.35,368.00,368.35,367.70,20,0,5651,0
Ok,25-09-2025 10:25:00,1758776100,367.75,368.00,367.75,368.00,367.70,335,0,5631,0
Ok,25-09-2025 10:20:00,1758775800,367.05,367.05,367.05,367.05,0.00,0,0,5296,0
Ok,25-09-2025 10:15:00,1758775500,367.25,367.75,367.25,367.75,367.70,15,0,5296,0
Ok,25-09-2025 10:10:00,1758775200,367.80,367.80,367.25,367.25,367.70,7,0,5281,0
Ok,25-09-2025 10:05:00,1758774900,367.80,367.80,366.80,367.80,367.44,391,0,5274,0
Ok,25-09-2025 10:00:00,1758774600,367.80,367.80,367.80,367.80,0.00,0,0,4883,0
Ok,25-09-2025 09:55:00,1758774300,367.80,367.80,367.80,367.80,0.00,0,0,4883,0
Ok,25-09-2025 09:50:00,1758774000,368.20,368.40,368.20,368.40,367.72,24,0,4883,0
Ok,25-09-2025 09:45:00,1758773700,368.25,368.25,367.40,367.40,367.72,13,0,4859,0
Ok,25-09-2025 09:40:00,1758773400,367.95,368.25,367.95,368.25,368.75,46,0,4846,0
Ok,25-09-2025 09:35:00,1758773100,367.15,367.95,367.15,367.95,366.81,53,0,4800,0
Ok,25-09-2025 09:30:00,1758772800,367.45,368.05,367.30,367.75,367.72,94,0,4747,0
Ok,25-09-2025 09:25:00,1758772500,367.85,368.20,367.45,367.45,367.97,1386,0,4653,0
Ok,25-09-2025 09:20:00,1758772200,366.55,368.00,366.55,367.10,367.26,2185,0,3267,0
Ok,25-09-2025 09:15:00,1758771900,367.85,369.95,367.10,367.10,368.29,1082,0,1082,0
