stat,time,ssboe,into,inth,intl,intc,intvwap,intv,intoi,v,oi
Ok,25-09-2025 15:25:00,1758794100,464.25,464.25,460.00,461.05,461.48,10187,0,304253,0
Ok,25-09-2025 15:20:00,1758793800,462.80,464.80,462.25,464.35,463.23,9098,0,294066,0
Ok,25-09-2025 15:15:00,1758793500,465.30,465.65,462.95,463.30,463.97,11954,0,284968,0
Ok,25-09-2025 15:10:00,1758793200,465.00,465.95,464.55,465.20,466.39,1630,0,273014,0
Ok,25-09-2025 15:05:00,1758792900,465.30,466.85,464.05,464.80,465.39,5844,0,271384,0
Ok,25-09-2025 15:00:00,1758792600,468.35,468.70,465.30,465.80,467.01,2770,0,265540,0
Ok,25-09-2025 14:55:00,1758792300,469.95,470.00,468.30,468.30,469.81,1501,0,262770,0
Ok,25-09-2025 14:50:00,1758792000,470.50,470.80,468.30,469.80,468.94,1619,0,261269,0
Ok,25-09-2025 14:45:00,1758791700,470.60,470.60,469.40,469.55,470.52,1909,0,259650,0
Ok,25-09-2025 14:40:00,1758791400,471.45,471.45,470.60,470.70,470.18,605,0,257741,0
Ok,25-09-2025 14:35:00,1758791100,470.00,472.20,470.00,471.45,469.17,807,0,257136,0
Ok,25-09-2025 14:30:00,1758790800,469.75,470.90,469.75,470.15,470.88,326,0,256329,0
Ok,25-09-2025 14:25:00,1758790500,470.70,470.90,470.00,470.00,471.99,756,0,256003,0
Ok,25-09-2025 14:20:00,1758790200,469.80,470.75,469.80,470.25,465.54,193,0,255247,0
Ok,25-09-2025 14:15:00,1758789900,470.20,470.20,469.65,469.65,465.29,189,0,255054,0
Ok,25-09-2025 14:10:00,1758789600,469.20,470.00,469.20,469.95,478.79,165,0,254865,0
Ok,25-09-2025 14:05:00,1758789300,469.90,470.35,469.40,469.40,469.35,539,0,254700,0
Ok,25-09-2025 14:00:00,1758789000,470.20,470.95,469.05,470.95,469.76,4690,0,254161,0
Ok,25-09-2025 13:55:00,1758788700,472.00,472.00,470.75,470.80,469.54,528,0,249471,0
Ok,25-09-2025 13:50:00,1758788400,470.70,472.45,470.70,472.20,471.63,1010,0,248943,0
Ok,25-09-2025 13:45:00,1758788100,470.25,470.65,470.20,470.65,479.03,55,0,247933,0
Ok,25-09-2025 13:40:00,1758787800,471.30,471.30,470.25,470.55,479.03,113,0,247878,0
Ok,25-09-2025 13:35:00,1758787500,471.75,471.75,471.20,471.30,470.68,1182,0,247765,0
Ok,25-09-2025 13:30:00,1758787200,471.20,471.50,471.20,471.50,479.07,207,0,246583,0
Ok,25-09-2025 13:25:00,1758786900,470.20,470.85,470.20,470.85,453.93,98,0,246376,0
Ok,25-09-2025 13:20:00,1758786600,470.80,470.80,470.20,470.20,471.53,651,0,246278,0
Ok,25-09-2025 13:15:00,1758786300,470.80,470.85,470.45,470.45,461.56,140,0,245627,0
Ok,25-09-2025 13:10:00,1758786000,472.00,472.00,470.10,470.70,471.49,1921,0,245487,0
Ok,25-09-2025 13:05:00,1758785700,471.50,472.05,470.60,472.05,470.75,866,0,243566,0
Ok,25-09-2025 13:00:00,1758785400,471.35,471.50,471.35,471.50,479.20,81,0,242700,0
Ok,25-09-2025 12:55:00,1758785100,470.90,471.40,470.90,471.40,469.50,250,0,242619,0
Ok,25-09-2025 12:50:00,1758784800,471.30,471.30,470.25,470.90,471.63,1273,0,242369,0
Ok,25-09-2025 12:45:00,1758784500,471.30,471.80,471.30,471.80,472.14,339,0,241096,0
Ok,25-09-2025 12:40:00,1758784200,471.65,471.95,471.20,471.55,471.76,641,0,240757,0
Ok,25-09-2025 12:35:00,1758783900,471.85,471.85,471.25,471.25,479.28,22,0,240116,0
Ok,25-09-2025 12:30:00,1758783600,473.00,473.10,470.70,471.85,472.29,2721,0,240094,0
Ok,25-09-2025 12:25:00,1758783300,478.00,478.00,473.80,474.30,474.45,1446,0,237373,0
Ok,25-09-2025 12:20:00,1758783000,475.30,477.35,475.30,477.35,476.94,1917,0,235927,0
Ok,25-09-2025 12:15:00,1758782700,473.00,474.30,472.70,474.30,473.56,1196,0,234010,0
Ok,25-09-2025 12:10:00,1758782400,471.60,473.00,471.55,473.00,472.98,1077,0,232814,0
Ok,25-09-2025 12:05:00,1758782100,471.60,472.55,471.55,471.85,471.84,1210,0,231737,0
Ok,25-09-2025 12:00:00,1758781800,471.55,472.70,471.55,471.70,479.51,208,0,230527,0
Ok,25-09-2025 11:55:00,1758781500,471.90,471.90,471.85,471.90,467.11,371,0,230319,0
Ok,25-09-2025 11:50:00,1758781200,470.60,471.05,470.35,471.05,473.24,1456,0,229948,0
Ok,25-09-2025 11:45:00,1758780900,471.65,471.90,470.50,471.10,470.85,1564,0,228492,0
Ok,25-09-2025 11:40:00,1758780600,472.85,472.85,471.65,471.65,470.27,484,0,226928,0
Ok,25-09-2025 11:35:00,1758780300,471.80,473.00,471.80,472.85,475.13,501,0,226444,0
Ok,25-09-2025 11:30:00,1758780000,473.75,473.75,471.20,471.65,470.85,2036,0,225943,0
Ok,25-09-2025 11:25:00,1758779700,473.00,473.75,473.00,473.75,479.74,195,0,223907,0
Ok,25-09-2025 11:20:00,1758779400,474.85,474.85,473.00,473.00,467.32,180,0,223712,0
Ok,25-09-2025 11:15:00,1758779100,475.15,475.45,474.30,475.15,476.75,746,0,223532,0
Ok,25-09-2025 11:10:00,1758778800,474.85,475.10,474.00,475.10,479.76,84,0,222786,0
Ok,25-09-2025 11:05:00,1758778500,471.90,474.90,471.85,474.85,472.88,2880,0,222702,0
Ok,25-09-2025 11:00:00,1758778200,472.35,472.35,471.30,472.35,471.97,557,0,219822,0
Ok,25-09-2025 10:55:00,1758777900,472.50,473.10,472.30,472.30,463.99,138,0,219265,0
Ok,25-09-2025 10:50:00,1758777600,472.50,473.15,472.50,473.15,473.16,975,0,219127,0
Ok,25-09-2025 10:45:00,1758777300,471.05,472.50,471.05,472.50,473.42,336,0,218152,0
Ok,25-09-2025 10:40:00,1758777000,471.60,471.90,470.10,471.15,470.50,7809,0,217816,0
Ok,25-09-2025 10:35:00,1758776700,474.80,475.60,472.40,472.40,472.34,2360,0,210007,0
Ok,25-09-2025 10:30:00,1758776400,473.45,474.65,473.45,474.65,480.36,616,0,207647,0
Ok,25-09-2025 10:25:00,1758776100,475.00,475.00,472.15,473.15,474.29,1693,0,207031,0
Ok,25-09-2025 10:20:00,1758775800,473.00,475.40,473.00,475.40,473.65,1510,0,205338,0
Ok,25-09-2025 10:15:00,1758775500,476.75,477.80,473.35,473.35,475.55,3673,0,203828,0
Ok,25-09-2025 10:10:00,1758775200,476.70,477.40,475.00,476.80,476.69,30379,0,200155,0
Ok,25-09-2025 10:05:00,1758774900,472.95,477.10,472.00,476.30,474.42,30293,0,169776,0
Ok,25-09-2025 10:00:00,1758774600,474.15,474.60,472.55,472.55,472.67,5213,0,139483,0
Ok,25-09-2025 09:55:00,1758774300,473.00,474.00,472.00,473.55,472.84,3814,0,134270,0
Ok,25-09-2025 09:50:00,1758774000,471.85,472.75,471.20,472.70,471.64,3034,0,130456,0
Ok,25-09-2025 09:45:00,1758773700,476.85,476.85,471.50,471.80,473.54,13885,0,127422,0
Ok,25-09-2025 09:40:00,1758773400,477.55,478.55,475.45,475.70,477.88,4041,0,113537,0
Ok,25-09-2025 09:35:00,1758773100,480.15,480.35,477.00,477.45,478.19,8388,0,109496,0
Ok,25-09-2025 09:30:00,1758772800,483.15,483.35,477.20,479.50,480.59,14844,0,101108,0
Ok,25-09-2025 09:25:00,1758772500,485.00,485.25,482.35,485.00,484.46,14446,0,86264,0
Ok,25-09-2025 09:20:00,1758772200,483.55,488.30,481.25,485.50,484.85,17811,0,71818,0
Ok,25-09-2025 09:15:00,1758771900,484.30,492.00,483.15,483.15,488.20,49756,0,54007,0
