stat,time,ssboe,into,inth,intl,intc,intvwap,intv,intoi,v,oi
Ok,24-09-2025 15:05:00,1758706500,1000.35,1001.50,1000.00,1000.90,1001.60,13477,0,336505,0
Ok,24-09-2025 15:00:00,1758706200,1000.70,1000.95,999.30,1000.70,1000.09,6281,0,323028,0
Ok,24-09-2025 14:55:00,1758705900,1000.60,1000.60,999.55,1000.00,999.52,3900,0,316747,0
Ok,24-09-2025 14:50:00,1758705600,1000.05,1000.95,999.95,1000.55,1001.15,1553,0,312847,0
Ok,24-09-2025 14:45:00,1758705300,1000.75,1001.65,999.55,1000.45,999.78,4487,0,311294,0
Ok,24-09-2025 14:40:00,1758705000,1001.00,1001.75,1000.05,1000.65,1001.17,3094,0,306807,0
Ok,24-09-2025 14:35:00,1758704700,999.60,1001.95,999.60,1001.45,1001.17,3427,0,303713,0
Ok,24-09-2025 14:30:00,1758704400,999.55,1000.45,999.10,1000.00,999.77,4250,0,300286,0
Ok,24-09-2025 14:25:00,1758704100,1000.00,1000.70,999.35,1000.00,999.90,2281,0,296036,0
Ok,24-09-2025 14:20:00,1758703800,1000.00,1000.10,999.05,999.95,1000.45,3907,0,293755,0
Ok,24-09-2025 14:15:00,1758703500,998.85,1000.90,998.70,1000.30,999.76,7807,0,289848,0
Ok,24-09-2025 14:10:00,1758703200,995.30,999.35,995.15,998.70,997.50,10180,0,282041,0
Ok,24-09-2025 14:05:00,1758702900,995.70,996.00,993.40,995.45,994.43,6495,0,271861,0
Ok,24-09-2025 14:00:00,1758702600,995.20,996.65,995.20,996.00,997.26,1230,0,265366,0
Ok,24-09-2025 13:55:00,1758702300,995.95,996.40,994.00,995.65,995.09,10555,0,264136,0
Ok,24-09-2025 13:50:00,1758702000,996.75,997.00,996.00,996.45,995.93,1705,0,253581,0
Ok,24-09-2025 13:45:00,1758701700,997.00,997.30,996.25,996.80,996.06,1718,0,251876,0
Ok,24-09-2025 13:40:00,1758701400,997.25,998.20,997.00,997.30,997.62,1732,0,250158,0
Ok,24-09-2025 13:35:00,1758701100,997.10,998.50,996.50,997.70,997.75,2924,0,248426,0
Ok,24-09-2025 13:30:00,1758700800,996.00,997.95,996.00,997.50,997.58,2748,0,245502,0
Ok,24-09-2025 13:25:00,1758700500,997.70,997.90,996.00,996.65,996.93,3732,0,242754,0
Ok,24-09-2025 13:20:00,1758700200,998.05,998.75,997.00,997.05,997.73,2153,0,239022,0
Ok,24-09-2025 13:15:00,1758699900,998.90,999.50,997.90,998.00,998.48,3791,0,236869,0
Ok,24-09-2025 13:10:00,1758699600,998.40,999.30,997.15,999.00,998.21,2294,0,233078,0
Ok,24-09-2025 13:05:00,1758699300,998.50,999.45,997.30,998.50,998.39,3510,0,230784,0
Ok,24-09-2025 13:00:00,1758699000,997.10,998.70,997.10,998.60,998.11,2137,0,227274,0
Ok,24-09-2025 12:55:00,1758698700,996.85,997.70,996.75,997.30,996.83,1211,0,225137,0
Ok,24-09-2025 12:50:00,1758698400,996.30,997.50,996.00,996.70,995.98,1040,0,223926,0
Ok,24-09-2025 12:45:00,1758698100,996.40,997.35,996.00,996.00,997.05,1646,0,222886,0
Ok,24-09-2025 12:40:00,1758697800,997.15,997.85,996.00,996.00,997.07,1626,0,221240,0
Ok,24-09-2025 12:35:00,1758697500,996.85,998.20,996.85,997.20,996.52,1456,0,219614,0
Ok,24-09-2025 12:30:00,1758697200,996.65,998.00,996.10,996.10,997.74,3131,0,218158,0
Ok,24-09-2025 12:25:00,1758696900,996.10,997.15,996.00,997.15,995.37,886,0,215027,0
Ok,24-09-2025 12:20:00,1758696600,996.25,997.15,996.00,996.15,994.61,1586,0,214141,0
Ok,24-09-2025 12:15:00,1758696300,996.90,997.45,996.00,996.55,998.89,1657,0,212555,0
Ok,24-09-2025 12:10:00,1758696000,995.60,997.15,995.60,997.15,994.57,771,0,210898,0
Ok,24-09-2025 12:05:00,1758695700,996.30,996.80,995.00,996.00,995.89,4194,0,210127,0
Ok,24-09-2025 12:00:00,1758695400,997.45,997.75,995.75,996.45,997.04,2427,0,205933,0
Ok,24-09-2025 11:55:00,1758695100,997.40,997.80,996.50,997.05,996.68,1285,0,203506,0
Ok,24-09-2025 11:50:00,1758694800,997.60,997.85,996.25,997.80,997.28,1745,0,202221,0
Ok,24-09-2025 11:45:00,1758694500,996.00,997.10,995.60,997.00,996.56,1833,0,200476,0
Ok,24-09-2025 11:40:00,1758694200,995.55,997.40,995.55,996.30,996.48,4666,0,198643,0
Ok,24-09-2025 11:35:00,1758693900,996.20,997.35,995.50,995.70,996.86,4710,0,193977,0
Ok,24-09-2025 11:30:00,1758693600,996.40,997.35,996.00,996.60,996.75,4953,0,189267,0
Ok,24-09-2025 11:25:00,1758693300,995.80,996.40,995.00,996.15,995.54,3355,0,184314,0
Ok,24-09-2025 11:20:00,1758693000,998.45,998.45,995.50,995.55,996.23,7142,0,180959,0
Ok,24-09-2025 11:15:00,1758692700,996.50,997.70,995.65,997.25,997.16,4399,0,173817,0
Ok,24-09-2025 11:10:00,1758692400,995.30,997.75,995.00,996.00,996.18,6639,0,169418,0
Ok,24-09-2025 11:05:00,1758692100,996.65,996.65,995.00,995.50,995.63,7945,0,162779,0
Ok,24-09-2025 11:00:00,1758691800,998.50,999.15,996.05,996.70,997.87,6200,0,154834,0
Ok,24-09-2025 10:55:00,1758691500,999.60,1000.15,996.20,998.95,998.25,13317,0,148634,0
Ok,24-09-2025 10:50:00,1758691200,1000.85,1002.90,999.00,999.10,1000.64,12466,0,135317,0
Ok,24-09-2025 10:45:00,1758690900,1006.70,1006.85,1000.00,1000.40,1002.69,21899,0,122851,0
Ok,24-09-2025 10:40:00,1758690600,1009.70,1009.70,1006.80,1006.80,1008.29,3528,0,100952,0
Ok,24-09-2025 10:35:00,1758690300,1009.35,1009.65,1008.10,1009.55,1008.85,2021,0,97424,0
Ok,24-09-2025 10:30:00,1758690000,1010.70,1010.70,1008.70,1008.75,1009.45,2269,0,95403,0
Ok,24-09-2025 10:25:00,1758689700,1010.40,1010.95,1009.40,1010.55,1010.30,2757,0,93134,0
Ok,24-09-2025 10:20:00,1758689400,1010.40,1012.50,1009.75,1010.55,1011.41,3958,0,90377,0
Ok,24-09-2025 10:15:00,1758689100,1008.60,1010.45,1008.60,1010.30,1009.53,2057,0,86419,0
Ok,24-09-2025 10:10:00,1758688800,1009.60,1009.60,1008.00,1009.20,1008.89,3860,0,84362,0
Ok,24-09-2025 10:05:00,1758688500,1007.20,1010.50,1007.20,1009.75,1009.27,2974,0,80502,0
Ok,24-09-2025 10:00:00,1758688200,1007.00,1008.65,1006.00,1007.10,1007.01,4097,0,77528,0
Ok,24-09-2025 09:55:00,1758687900,1005.50,1007.50,1005.05,1006.10,1006.26,3723,0,73431,0
Ok,24-09-2025 09:50:00,1758687600,1006.05,1007.00,1005.50,1006.00,1006.13,3650,0,69708,0
Ok,24-09-2025 09:45:00,1758687300,1006.90,1006.90,1004.25,1006.10,1005.69,5568,0,66058,0
Ok,24-09-2025 09:40:00,1758687000,1007.25,1007.30,1004.25,1007.30,1005.48,5111,0,60490,0
Ok,24-09-2025 09:35:00,1758686700,1006.45,1007.90,1005.00,1006.15,1006.21,5874,0,55379,0
Ok,24-09-2025 09:30:00,1758686400,1003.95,1007.30,1002.00,1007.00,1005.28,7825,0,49505,0
Ok,24-09-2025 09:25:00,1758686100,1007.15,1007.70,1002.55,1003.25,1003.95,8356,0,41680,0
Ok,24-09-2025 09:20:00,1758685800,1004.35,1010.25,1004.35,1008.00,1006.30,13372,0,33324,0
Ok,24-09-2025 09:15:00,1758685500,1010.00,1018.55,1005.25,1005.25,1107.03,18204,0,19952,0
