stat,time,ssboe,into,inth,intl,intc,intvwap,intv,intoi,v,oi
Ok,24-09-2025 15:25:00,1758707700,256.22,256.95,255.00,255.00,255.89,1028,0,53501,0
Ok,24-09-2025 15:20:00,1758707400,256.50,256.95,256.22,256.22,256.76,1676,0,52473,0
Ok,24-09-2025 15:15:00,1758707100,256.25,256.68,256.22,256.25,256.04,1010,0,50797,0
Ok,24-09-2025 15:10:00,1758706800,256.25,256.85,256.25,256.73,258.06,183,0,49787,0
Ok,24-09-2025 15:05:00,1758706500,255.51,257.21,255.50,256.25,256.34,855,0,49604,0
Ok,24-09-2025 15:00:00,1758706200,255.71,256.00,255.20,256.00,255.88,654,0,48749,0
Ok,24-09-2025 14:55:00,1758705900,255.01,255.45,255.01,255.19,250.36,62,0,48095,0
Ok,24-09-2025 14:50:00,1758705600,255.01,255.01,255.01,255.01,0.00,0,0,48033,0
Ok,24-09-2025 14:45:00,1758705300,255.03,255.73,255.01,255.01,254.26,124,0,48033,0
Ok,24-09-2025 14:40:00,1758705000,255.24,255.24,255.02,255.03,255.61,563,0,47909,0
Ok,24-09-2025 14:35:00,1758704700,255.50,255.50,255.24,255.24,255.89,207,0,47346,0
Ok,24-09-2025 14:30:00,1758704400,255.09,255.85,255.09,255.50,252.06,77,0,47139,0
Ok,24-09-2025 14:25:00,1758704100,255.01,255.01,255.01,255.01,255.17,310,0,47062,0
Ok,24-09-2025 14:20:00,1758703800,255.98,255.98,255.00,255.00,258.21,49,0,46752,0
Ok,24-09-2025 14:15:00,1758703500,256.00,256.00,256.00,256.00,0.00,0,0,46703,0
Ok,24-09-2025 14:10:00,1758703200,255.50,257.00,255.50,256.00,256.35,985,0,46703,0
Ok,24-09-2025 14:05:00,1758702900,255.03,255.50,255.00,255.50,255.28,609,0,45718,0
Ok,24-09-2025 14:00:00,1758702600,255.21,255.21,255.21,255.21,258.29,27,0,45109,0
Ok,24-09-2025 13:55:00,1758702300,255.01,256.10,255.01,255.98,258.29,39,0,45082,0
Ok,24-09-2025 13:50:00,1758702000,255.10,255.10,255.00,255.00,255.13,425,0,45043,0
Ok,24-09-2025 13:45:00,1758701700,255.63,255.63,255.11,255.11,258.32,34,0,44618,0
Ok,24-09-2025 13:40:00,1758701400,256.30,256.30,255.62,255.63,146.93,32,0,44584,0
Ok,24-09-2025 13:35:00,1758701100,255.50,256.30,255.50,256.30,258.40,45,0,44552,0
Ok,24-09-2025 13:30:00,1758700800,255.72,256.01,255.50,255.50,258.40,1259,0,44507,0
Ok,24-09-2025 13:25:00,1758700500,254.35,255.88,254.35,255.72,255.28,1736,0,43248,0
Ok,24-09-2025 13:20:00,1758700200,253.08,254.03,253.08,254.03,242.57,26,0,41512,0
Ok,24-09-2025 13:15:00,1758699900,253.06,253.15,253.06,253.08,258.54,58,0,41486,0
Ok,24-09-2025 13:10:00,1758699600,254.39,254.99,253.06,253.06,254.15,1896,0,41428,0
Ok,24-09-2025 13:05:00,1758699300,253.81,253.81,253.81,253.81,0.00,0,0,39532,0
Ok,24-09-2025 13:00:00,1758699000,253.21,254.50,253.21,253.81,256.17,153,0,39532,0
Ok,24-09-2025 12:55:00,1758698700,253.82,253.82,253.00,253.16,253.48,734,0,39379,0
Ok,24-09-2025 12:50:00,1758698400,254.41,254.43,253.82,253.82,250.58,186,0,38645,0
Ok,24-09-2025 12:45:00,1758698100,254.39,254.41,254.39,254.41,258.90,5,0,38459,0
Ok,24-09-2025 12:40:00,1758697800,254.03,254.03,254.03,254.03,258.90,75,0,38454,0
Ok,24-09-2025 12:35:00,1758697500,254.25,254.25,254.25,254.25,0.00,0,0,38379,0
Ok,24-09-2025 12:30:00,1758697200,255.34,255.34,254.25,254.25,254.12,1019,0,38379,0
Ok,24-09-2025 12:25:00,1758696900,255.00,255.34,255.00,255.34,259.03,10,0,37360,0
Ok,24-09-2025 12:20:00,1758696600,254.79,255.58,254.79,255.00,255.14,287,0,37350,0
Ok,24-09-2025 12:15:00,1758696300,254.13,254.79,254.02,254.79,253.36,65,0,37063,0
Ok,24-09-2025 12:10:00,1758696000,254.15,254.95,254.13,254.13,255.38,100,0,36998,0
Ok,24-09-2025 12:05:00,1758695700,253.80,255.85,253.80,254.33,255.26,1127,0,36898,0
Ok,24-09-2025 12:00:00,1758695400,254.34,254.34,253.80,253.80,254.28,360,0,35771,0
Ok,24-09-2025 11:55:00,1758695100,254.39,254.92,253.81,254.88,253.55,124,0,35411,0
Ok,24-09-2025 11:50:00,1758694800,254.38,254.39,254.38,254.39,259.27,18,0,35287,0
Ok,24-09-2025 11:45:00,1758694500,254.50,254.81,253.80,253.80,253.70,806,0,35269,0
Ok,24-09-2025 11:40:00,1758694200,254.20,254.47,254.01,254.01,255.00,464,0,34463,0
Ok,24-09-2025 11:35:00,1758693900,256.00,256.00,254.20,254.20,254.79,1928,0,33999,0
Ok,24-09-2025 11:30:00,1758693600,255.65,256.00,255.65,256.00,256.10,263,0,32071,0
Ok,24-09-2025 11:25:00,1758693300,256.00,256.69,255.40,255.65,256.83,216,0,31808,0
Ok,24-09-2025 11:20:00,1758693000,255.14,255.90,255.14,255.90,248.92,87,0,31592,0
Ok,24-09-2025 11:15:00,1758692700,254.61,255.29,254.00,255.21,255.15,2258,0,31505,0
Ok,24-09-2025 11:10:00,1758692400,255.40,255.40,253.61,254.61,254.15,1432,0,29247,0
Ok,24-09-2025 11:05:00,1758692100,256.11,256.11,255.55,255.55,255.78,1617,0,27815,0
Ok,24-09-2025 11:00:00,1758691800,257.13,257.13,256.00,256.76,257.59,245,0,26198,0
Ok,24-09-2025 10:55:00,1758691500,257.58,257.58,257.13,257.13,257.05,1125,0,25953,0
Ok,24-09-2025 10:50:00,1758691200,257.57,257.98,257.00,257.00,260.98,23,0,24828,0
Ok,24-09-2025 10:45:00,1758690900,258.55,258.55,257.50,257.50,258.32,548,0,24805,0
Ok,24-09-2025 10:40:00,1758690600,258.31,258.55,258.31,258.55,256.70,56,0,24257,0
Ok,24-09-2025 10:35:00,1758690300,260.00,260.00,257.60,258.27,258.75,718,0,24201,0
Ok,24-09-2025 10:30:00,1758690000,261.34,261.34,260.00,260.00,260.53,788,0,23483,0
Ok,24-09-2025 10:25:00,1758689700,260.50,260.58,260.17,260.17,260.23,492,0,22695,0
Ok,24-09-2025 10:20:00,1758689400,260.50,260.50,260.50,260.50,0.00,0,0,22203,0
Ok,24-09-2025 10:15:00,1758689100,261.62,261.62,260.50,260.50,261.16,601,0,22203,0
Ok,24-09-2025 10:10:00,1758688800,260.49,261.10,260.10,261.10,260.67,438,0,21602,0
Ok,24-09-2025 10:05:00,1758688500,261.65,261.99,261.05,261.05,261.76,689,0,21164,0
Ok,24-09-2025 10:00:00,1758688200,261.64,261.65,261.64,261.65,261.15,29,0,20475,0
Ok,24-09-2025 09:55:00,1758687900,260.61,261.15,260.50,261.15,260.75,2738,0,20446,0
Ok,24-09-2025 09:50:00,1758687600,261.24,261.24,260.69,260.92,261.21,30,0,17708,0
Ok,24-09-2025 09:45:00,1758687300,260.95,261.24,260.00,261.24,260.25,184,0,17678,0
Ok,24-09-2025 09:40:00,1758687000,261.46,261.46,259.61,260.12,260.33,4119,0,17494,0
Ok,24-09-2025 09:35:00,1758686700,263.32,263.32,259.61,260.36,261.58,3705,0,13375,0
Ok,24-09-2025 09:30:00,1758686400,262.33,264.65,261.88,263.50,263.56,4147,0,9670,0
Ok,24-09-2025 09:25:00,1758686100,260.36,261.50,260.36,261.50,260.76,3106,0,5523,0
Ok,24-09-2025 09:20:00,1758685800,258.18,260.00,258.00,260.00,258.31,1332,0,2417,0
Ok,24-09-2025 09:15:00,1758685500,258.51,259.30,258.00,258.00,278.39,1010,0,1085,0
