stat,time,ssboe,into,inth,intl,intc,intvwap,intv,intoi,v,oi
Ok,24-09-2025 15:25:00,1758707700,365.00,365.50,365.00,365.20,365.22,12837,0,635695,0
Ok,24-09-2025 15:20:00,1758707400,365.35,366.60,365.00,365.40,365.70,21065,0,622858,0
Ok,24-09-2025 15:15:00,1758707100,367.00,367.00,365.00,365.00,366.39,16951,0,601793,0
Ok,24-09-2025 15:10:00,1758706800,367.00,367.00,366.95,366.95,365.52,7563,0,584842,0
Ok,24-09-2025 15:05:00,1758706500,367.05,367.20,366.80,366.95,367.85,6077,0,577279,0
Ok,24-09-2025 15:00:00,1758706200,367.00,367.45,366.85,367.00,367.35,11404,0,571202,0
Ok,24-09-2025 14:55:00,1758705900,367.25,367.40,366.95,367.25,365.94,2915,0,559798,0
Ok,24-09-2025 14:50:00,1758705600,367.45,367.70,367.00,367.00,367.40,11858,0,556883,0
Ok,24-09-2025 14:45:00,1758705300,367.20,368.00,366.95,367.40,367.42,11664,0,545025,0
Ok,24-09-2025 14:40:00,1758705000,367.05,367.45,366.95,366.95,367.09,6644,0,533361,0
Ok,24-09-2025 14:35:00,1758704700,366.95,367.50,366.95,367.05,367.90,2027,0,526717,0
Ok,24-09-2025 14:30:00,1758704400,366.95,367.20,366.85,366.85,366.34,3369,0,524690,0
Ok,24-09-2025 14:25:00,1758704100,366.95,367.20,366.95,367.05,367.91,1318,0,521321,0
Ok,24-09-2025 14:20:00,1758703800,367.45,367.75,366.80,366.80,366.28,3186,0,520003,0
Ok,24-09-2025 14:15:00,1758703500,367.25,367.65,366.95,367.30,367.92,3245,0,516817,0
Ok,24-09-2025 14:10:00,1758703200,367.15,367.80,366.65,366.95,367.45,11040,0,513572,0
Ok,24-09-2025 14:05:00,1758702900,365.50,366.80,365.35,366.80,366.07,8039,0,502532,0
Ok,24-09-2025 14:00:00,1758702600,366.15,366.20,365.50,365.55,365.78,4520,0,494493,0
Ok,24-09-2025 13:55:00,1758702300,366.60,366.95,365.65,366.05,365.56,8007,0,489973,0
Ok,24-09-2025 13:50:00,1758702000,368.95,369.20,366.80,366.80,368.79,17933,0,481966,0
Ok,24-09-2025 13:45:00,1758701700,369.00,369.25,369.00,369.00,368.99,13428,0,464033,0
Ok,24-09-2025 13:40:00,1758701400,369.50,369.50,369.00,369.00,367.96,1733,0,450605,0
Ok,24-09-2025 13:35:00,1758701100,367.40,370.00,367.40,369.15,369.07,26395,0,448872,0
Ok,24-09-2025 13:30:00,1758700800,365.90,367.45,365.90,367.45,366.66,6801,0,422477,0
Ok,24-09-2025 13:25:00,1758700500,365.75,366.25,365.35,365.85,365.80,5844,0,415676,0
Ok,24-09-2025 13:20:00,1758700200,366.40,366.40,365.40,365.75,365.73,7329,0,409832,0
Ok,24-09-2025 13:15:00,1758699900,366.05,366.45,366.05,366.05,367.98,458,0,402503,0
Ok,24-09-2025 13:10:00,1758699600,366.00,366.45,366.00,366.35,367.98,1267,0,402045,0
Ok,24-09-2025 13:05:00,1758699300,365.95,366.45,365.95,366.40,361.49,618,0,400778,0
Ok,24-09-2025 13:00:00,1758699000,365.85,365.90,365.55,365.90,365.88,3771,0,400160,0
Ok,24-09-2025 12:55:00,1758698700,366.20,366.25,365.35,365.90,365.60,4896,0,396389,0
Ok,24-09-2025 12:50:00,1758698400,365.35,366.25,365.35,366.15,365.51,1548,0,391493,0
Ok,24-09-2025 12:45:00,1758698100,365.75,365.80,365.30,365.35,365.71,4966,0,389945,0
Ok,24-09-2025 12:40:00,1758697800,365.65,365.90,365.30,365.85,365.41,4290,0,384979,0
Ok,24-09-2025 12:35:00,1758697500,365.95,365.95,365.65,365.85,366.21,2001,0,380689,0
Ok,24-09-2025 12:30:00,1758697200,365.65,366.00,365.60,365.90,363.29,784,0,378688,0
Ok,24-09-2025 12:25:00,1758696900,365.60,365.75,365.30,365.65,365.06,1230,0,377904,0
Ok,24-09-2025 12:20:00,1758696600,365.50,365.80,365.25,365.35,365.84,3257,0,376674,0
Ok,24-09-2025 12:15:00,1758696300,365.55,365.95,365.50,365.70,365.34,2640,0,373417,0
Ok,24-09-2025 12:10:00,1758696000,366.15,366.15,365.50,365.70,365.73,3010,0,370777,0
Ok,24-09-2025 12:05:00,1758695700,365.60,366.15,365.60,366.00,368.20,867,0,367767,0
Ok,24-09-2025 12:00:00,1758695400,366.55,366.60,365.70,365.85,365.96,9640,0,366900,0
Ok,24-09-2025 11:55:00,1758695100,366.60,367.00,366.15,366.30,366.79,2430,0,357260,0
Ok,24-09-2025 11:50:00,1758694800,367.30,367.95,366.95,367.00,367.26,6967,0,354830,0
Ok,24-09-2025 11:45:00,1758694500,368.00,369.00,367.70,367.70,368.14,43854,0,347863,0
Ok,24-09-2025 11:40:00,1758694200,367.75,368.00,367.60,367.85,368.31,380,0,304009,0
Ok,24-09-2025 11:35:00,1758693900,368.40,368.40,367.65,367.75,368.31,1359,0,303629,0
Ok,24-09-2025 11:30:00,1758693600,366.00,368.35,365.85,368.35,366.94,8606,0,302270,0
Ok,24-09-2025 11:25:00,1758693300,366.60,366.60,366.00,366.45,366.42,3016,0,293664,0
Ok,24-09-2025 11:20:00,1758693000,366.80,366.85,365.65,366.85,366.11,7539,0,290648,0
Ok,24-09-2025 11:15:00,1758692700,366.40,367.00,366.40,366.90,366.32,2666,0,283109,0
Ok,24-09-2025 11:10:00,1758692400,366.00,366.80,365.75,366.80,366.16,6010,0,280443,0
Ok,24-09-2025 11:05:00,1758692100,365.85,366.40,365.65,365.85,365.69,5755,0,274433,0
Ok,24-09-2025 11:00:00,1758691800,366.70,367.00,366.00,366.15,366.20,14087,0,268678,0
Ok,24-09-2025 10:55:00,1758691500,367.10,367.10,366.00,366.50,366.53,17647,0,254591,0
Ok,24-09-2025 10:50:00,1758691200,367.05,367.90,367.00,367.15,367.26,10035,0,236944,0
Ok,24-09-2025 10:45:00,1758690900,367.75,368.00,367.00,367.40,367.81,5992,0,226909,0
Ok,24-09-2025 10:40:00,1758690600,368.40,369.50,367.50,367.80,368.11,19450,0,220917,0
Ok,24-09-2025 10:35:00,1758690300,368.75,369.40,368.15,368.80,368.88,13176,0,201467,0
Ok,24-09-2025 10:30:00,1758690000,370.50,370.50,368.90,368.90,369.98,14662,0,188291,0
Ok,24-09-2025 10:25:00,1758689700,370.10,371.00,370.05,370.90,370.32,6121,0,173629,0
Ok,24-09-2025 10:20:00,1758689400,370.90,370.90,370.05,370.45,370.75,2669,0,167508,0
Ok,24-09-2025 10:15:00,1758689100,370.45,370.55,370.00,370.55,370.07,7868,0,164839,0
Ok,24-09-2025 10:10:00,1758688800,370.50,371.35,370.40,370.40,370.46,13123,0,156971,0
Ok,24-09-2025 10:05:00,1758688500,370.25,370.70,370.10,370.25,370.39,3257,0,143848,0
Ok,24-09-2025 10:00:00,1758688200,370.30,370.35,369.50,369.50,369.71,8487,0,140591,0
Ok,24-09-2025 09:55:00,1758687900,370.25,370.70,369.55,369.80,369.88,10069,0,132104,0
Ok,24-09-2025 09:50:00,1758687600,369.75,370.60,369.10,370.15,369.99,6002,0,122035,0
Ok,24-09-2025 09:45:00,1758687300,368.90,369.95,368.45,369.95,368.72,3183,0,116033,0
Ok,24-09-2025 09:40:00,1758687000,369.80,369.80,368.40,368.40,368.74,10575,0,112850,0
Ok,24-09-2025 09:35:00,1758686700,369.65,369.75,368.60,369.75,369.17,4553,0,102275,0
Ok,24-09-2025 09:30:00,1758686400,366.75,370.00,366.75,369.90,368.64,7340,0,97722,0
Ok,24-09-2025 09:25:00,1758686100,367.75,368.00,366.80,366.95,367.33,15573,0,90382,0
Ok,24-09-2025 09:20:00,1758685800,367.90,369.10,367.30,367.65,368.28,34494,0,74809,0
Ok,24-09-2025 09:15:00,1758685500,368.30,369.45,367.10,367.80,368.44,38616,0,40315,0
