stat,time,ssboe,into,inth,intl,intc,intvwap,intv,intoi,v,oi
Ok,24-09-2025 15:25:00,1758707700,741.00,741.40,740.15,740.50,741.25,60830,0,2414630,0
Ok,24-09-2025 15:20:00,1758707400,741.55,742.25,741.00,741.05,741.33,84145,0,2353800,0
Ok,24-09-2025 15:15:00,1758707100,741.30,741.95,740.85,741.35,741.59,86007,0,2269655,0
Ok,24-09-2025 15:10:00,1758706800,741.75,741.75,740.85,741.50,741.03,78865,0,2183648,0
Ok,24-09-2025 15:05:00,1758706500,740.30,741.90,740.15,741.70,741.25,121550,0,2104783,0
Ok,24-09-2025 15:00:00,1758706200,738.90,740.50,738.75,740.40,739.32,69588,0,1983233,0
Ok,24-09-2025 14:55:00,1758705900,740.60,740.75,738.45,738.80,738.81,95187,0,1913645,0
Ok,24-09-2025 14:50:00,1758705600,740.05,740.70,740.05,740.50,740.02,28511,0,1818458,0
Ok,24-09-2025 14:45:00,1758705300,741.60,742.10,740.00,740.00,740.88,49261,0,1789947,0
Ok,24-09-2025 14:40:00,1758705000,743.15,743.35,741.60,741.75,741.94,75582,0,1740686,0
Ok,24-09-2025 14:35:00,1758704700,742.85,743.50,742.55,742.95,743.15,36272,0,1665104,0
Ok,24-09-2025 14:30:00,1758704400,745.20,745.20,742.95,742.95,743.61,34727,0,1628832,0
Ok,24-09-2025 14:25:00,1758704100,745.05,745.40,744.70,745.10,744.57,17147,0,1594105,0
Ok,24-09-2025 14:20:00,1758703800,745.40,745.45,744.70,744.70,745.50,12345,0,1576958,0
Ok,24-09-2025 14:15:00,1758703500,745.10,745.45,744.75,745.10,745.50,15205,0,1564613,0
Ok,24-09-2025 14:10:00,1758703200,745.15,745.50,744.90,745.00,744.90,25521,0,1549408,0
Ok,24-09-2025 14:05:00,1758702900,745.60,745.65,745.05,745.35,745.51,49956,0,1523887,0
Ok,24-09-2025 14:00:00,1758702600,745.70,745.70,745.40,745.55,745.51,37411,0,1473931,0
Ok,24-09-2025 13:55:00,1758702300,746.15,746.40,745.60,745.65,745.51,14362,0,1436520,0
Ok,24-09-2025 13:50:00,1758702000,745.80,746.45,745.65,746.10,746.83,10598,0,1422158,0
Ok,24-09-2025 13:45:00,1758701700,745.50,746.30,745.30,745.75,745.50,18977,0,1411560,0
Ok,24-09-2025 13:40:00,1758701400,746.05,746.10,745.25,745.60,745.50,10433,0,1392583,0
Ok,24-09-2025 13:35:00,1758701100,746.65,746.80,746.05,746.10,747.31,7591,0,1382150,0
Ok,24-09-2025 13:30:00,1758700800,746.40,746.95,746.35,746.70,746.61,12110,0,1374559,0
Ok,24-09-2025 13:25:00,1758700500,746.15,746.80,745.80,746.65,745.48,9781,0,1362449,0
Ok,24-09-2025 13:20:00,1758700200,746.70,746.70,745.85,746.00,747.84,11350,0,1352668,0
Ok,24-09-2025 13:15:00,1758699900,746.50,747.40,746.25,746.60,746.33,29846,0,1341318,0
Ok,24-09-2025 13:10:00,1758699600,746.40,746.50,745.60,746.40,746.45,12799,0,1311472,0
Ok,24-09-2025 13:05:00,1758699300,745.75,746.40,745.60,746.25,745.43,7949,0,1298673,0
Ok,24-09-2025 13:00:00,1758699000,745.20,746.15,744.95,745.65,746.25,15400,0,1290724,0
Ok,24-09-2025 12:55:00,1758698700,745.00,745.30,744.70,745.25,744.90,24510,0,1275324,0
Ok,24-09-2025 12:50:00,1758698400,745.30,745.65,743.15,744.75,744.37,45776,0,1250814,0
Ok,24-09-2025 12:45:00,1758698100,745.40,745.95,744.95,745.20,745.47,10869,0,1205038,0
Ok,24-09-2025 12:40:00,1758697800,745.45,745.80,745.00,745.30,745.21,45425,0,1194169,0
Ok,24-09-2025 12:35:00,1758697500,744.85,745.50,744.70,745.30,745.48,19386,0,1148744,0
Ok,24-09-2025 12:30:00,1758697200,745.00,745.15,744.40,744.65,745.48,7309,0,1129358,0
Ok,24-09-2025 12:25:00,1758696900,745.15,745.50,744.45,745.15,744.91,19556,0,1122049,0
Ok,24-09-2025 12:20:00,1758696600,745.45,745.50,745.15,745.25,744.69,13691,0,1102493,0
Ok,24-09-2025 12:15:00,1758696300,745.35,745.75,745.25,745.50,745.50,9773,0,1088802,0
Ok,24-09-2025 12:10:00,1758696000,745.20,745.90,745.00,745.30,745.50,7833,0,1079029,0
Ok,24-09-2025 12:05:00,1758695700,745.20,745.90,745.05,745.35,745.50,12444,0,1071196,0
Ok,24-09-2025 12:00:00,1758695400,746.05,746.50,744.40,745.10,745.50,11432,0,1058752,0
Ok,24-09-2025 11:55:00,1758695100,746.25,746.50,745.80,746.20,746.80,7969,0,1047320,0
Ok,24-09-2025 11:50:00,1758694800,746.35,746.60,745.70,746.20,745.49,9284,0,1039351,0
Ok,24-09-2025 11:45:00,1758694500,746.95,748.00,746.30,746.45,747.32,42975,0,1030067,0
Ok,24-09-2025 11:40:00,1758694200,745.60,747.30,744.95,747.10,746.24,76025,0,987092,0
Ok,24-09-2025 11:35:00,1758693900,745.05,745.90,744.80,745.65,745.34,9351,0,911067,0
Ok,24-09-2025 11:30:00,1758693600,744.95,745.55,744.50,745.00,745.34,8067,0,901716,0
Ok,24-09-2025 11:25:00,1758693300,744.75,745.00,744.30,744.85,744.20,15476,0,893649,0
Ok,24-09-2025 11:20:00,1758693000,744.30,744.90,743.70,744.70,743.78,11044,0,878173,0
Ok,24-09-2025 11:15:00,1758692700,744.40,744.80,744.10,744.10,745.38,6933,0,867129,0
Ok,24-09-2025 11:10:00,1758692400,742.75,744.70,742.45,744.20,744.07,19369,0,860196,0
Ok,24-09-2025 11:05:00,1758692100,743.50,744.00,742.65,742.65,742.99,13741,0,840827,0
Ok,24-09-2025 11:00:00,1758691800,745.35,745.35,743.05,743.60,744.33,61621,0,827086,0
Ok,24-09-2025 10:55:00,1758691500,746.15,747.40,745.45,745.50,746.30,55394,0,765465,0
Ok,24-09-2025 10:50:00,1758691200,745.80,746.90,745.20,746.05,745.94,43102,0,710071,0
Ok,24-09-2025 10:45:00,1758690900,746.35,746.75,745.70,745.75,745.90,14212,0,666969,0
Ok,24-09-2025 10:40:00,1758690600,746.60,747.20,746.10,746.25,746.81,22782,0,652757,0
Ok,24-09-2025 10:35:00,1758690300,746.05,746.60,745.40,746.55,746.16,15885,0,629975,0
Ok,24-09-2025 10:30:00,1758690000,745.25,746.45,745.10,746.10,745.71,17036,0,614090,0
Ok,24-09-2025 10:25:00,1758689700,745.75,746.50,745.10,745.35,745.87,11414,0,597054,0
Ok,24-09-2025 10:20:00,1758689400,745.95,746.50,745.65,745.80,746.25,12647,0,585640,0
Ok,24-09-2025 10:15:00,1758689100,744.70,746.30,744.70,746.30,745.33,14435,0,572993,0
Ok,24-09-2025 10:10:00,1758688800,745.70,746.00,745.30,745.30,745.33,11865,0,558558,0
Ok,24-09-2025 10:05:00,1758688500,745.15,746.30,745.10,745.35,746.00,23257,0,546693,0
Ok,24-09-2025 10:00:00,1758688200,744.30,745.40,744.30,745.20,744.58,14222,0,523436,0
Ok,24-09-2025 09:55:00,1758687900,743.85,744.70,743.50,744.25,744.32,14892,0,509214,0
Ok,24-09-2025 09:50:00,1758687600,744.30,745.00,743.90,743.95,744.30,22734,0,494322,0
Ok,24-09-2025 09:45:00,1758687300,744.65,745.05,743.55,744.35,744.43,44340,0,471588,0
Ok,24-09-2025 09:40:00,1758687000,745.70,745.80,744.65,745.00,745.31,21628,0,427248,0
Ok,24-09-2025 09:35:00,1758686700,745.80,747.00,744.85,745.80,745.72,49424,0,405620,0
Ok,24-09-2025 09:30:00,1758686400,745.70,747.95,744.30,745.85,746.37,88812,0,356196,0
Ok,24-09-2025 09:25:00,1758686100,744.25,745.25,743.00,745.25,744.43,92355,0,267384,0
Ok,24-09-2025 09:20:00,1758685800,743.75,745.65,743.75,744.40,744.61,70974,0,175029,0
Ok,24-09-2025 09:15:00,1758685500,745.45,748.70,744.25,744.30,746.33,98981,0,104055,0
