stat,time,ssboe,into,inth,intl,intc,intvwap,intv,intoi,v,oi
Ok,24-09-2025 15:25:00,1758707700,268.90,269.38,265.00,266.01,266.49,8205,0,478050,0
Ok,24-09-2025 15:20:00,1758707400,266.00,272.00,266.00,268.89,268.96,10521,0,469845,0
Ok,24-09-2025 15:15:00,1758707100,264.57,266.84,264.57,266.54,265.37,8010,0,459324,0
Ok,24-09-2025 15:10:00,1758706800,265.01,265.49,263.68,265.00,264.77,4641,0,451314,0
Ok,24-09-2025 15:05:00,1758706500,263.98,265.52,263.75,264.64,263.45,10288,0,446673,0
Ok,24-09-2025 15:00:00,1758706200,265.19,266.25,264.64,264.64,266.03,2465,0,436385,0
Ok,24-09-2025 14:55:00,1758705900,263.35,265.55,263.00,265.05,263.50,9869,0,433920,0
Ok,24-09-2025 14:50:00,1758705600,264.50,264.85,263.40,263.83,261.87,1402,0,424051,0
Ok,24-09-2025 14:45:00,1758705300,266.08,266.08,263.38,265.08,264.98,4275,0,422649,0
Ok,24-09-2025 14:40:00,1758705000,265.85,267.78,265.04,266.12,266.86,7527,0,418374,0
Ok,24-09-2025 14:35:00,1758704700,267.57,267.57,264.00,265.50,265.40,9350,0,410847,0
Ok,24-09-2025 14:30:00,1758704400,268.61,269.31,267.44,267.44,268.04,4851,0,401497,0
Ok,24-09-2025 14:25:00,1758704100,269.85,269.98,269.27,269.96,270.10,1905,0,396646,0
Ok,24-09-2025 14:20:00,1758703800,269.89,270.50,269.06,269.85,269.79,2214,0,394741,0
Ok,24-09-2025 14:15:00,1758703500,269.23,269.60,268.05,269.33,269.19,3316,0,392527,0
Ok,24-09-2025 14:10:00,1758703200,270.47,272.00,268.41,269.00,269.48,7743,0,389211,0
Ok,24-09-2025 14:05:00,1758702900,272.56,273.00,268.41,269.12,270.47,8936,0,381468,0
Ok,24-09-2025 14:00:00,1758702600,270.43,273.00,269.56,271.56,271.37,8413,0,372532,0
Ok,24-09-2025 13:55:00,1758702300,270.00,271.50,269.53,269.53,270.14,13678,0,364119,0
Ok,24-09-2025 13:50:00,1758702000,268.01,274.27,268.00,269.95,272.70,18723,0,350441,0
Ok,24-09-2025 13:45:00,1758701700,270.43,271.00,267.80,269.00,269.16,5743,0,331718,0
Ok,24-09-2025 13:40:00,1758701400,268.36,272.39,265.30,269.71,268.13,25704,0,325975,0
Ok,24-09-2025 13:35:00,1758701100,276.30,277.00,265.21,268.37,270.53,59501,0,300271,0
Ok,24-09-2025 13:30:00,1758700800,271.30,279.50,271.30,275.98,275.81,61171,0,240770,0
Ok,24-09-2025 13:25:00,1758700500,271.39,279.83,270.83,271.62,275.58,46028,0,179599,0
Ok,24-09-2025 13:20:00,1758700200,263.10,274.65,262.90,271.69,269.29,23331,0,133571,0
Ok,24-09-2025 13:15:00,1758699900,263.24,263.88,262.11,263.01,262.10,3033,0,110240,0
Ok,24-09-2025 13:10:00,1758699600,262.98,264.00,262.73,263.92,263.81,6794,0,107207,0
Ok,24-09-2025 13:05:00,1758699300,264.00,264.00,261.64,263.74,263.08,2839,0,100413,0
Ok,24-09-2025 13:00:00,1758699000,262.00,264.00,261.50,262.65,262.97,5173,0,97574,0
Ok,24-09-2025 12:55:00,1758698700,259.25,262.00,258.78,261.65,261.56,2267,0,92401,0
Ok,24-09-2025 12:50:00,1758698400,257.75,260.07,257.75,260.07,259.03,843,0,90134,0
Ok,24-09-2025 12:45:00,1758698100,257.45,258.34,257.01,258.34,257.28,608,0,89291,0
Ok,24-09-2025 12:40:00,1758697800,258.24,258.24,257.04,257.14,259.32,252,0,88683,0
Ok,24-09-2025 12:35:00,1758697500,257.44,257.54,257.42,257.43,255.81,18,0,88431,0
Ok,24-09-2025 12:30:00,1758697200,257.00,257.75,257.00,257.44,255.81,209,0,88413,0
Ok,24-09-2025 12:25:00,1758696900,257.20,257.20,257.00,257.00,257.31,1153,0,88204,0
Ok,24-09-2025 12:20:00,1758696600,257.33,257.75,257.20,257.20,255.79,53,0,87051,0
Ok,24-09-2025 12:15:00,1758696300,257.49,257.50,257.02,257.50,255.79,55,0,86998,0
Ok,24-09-2025 12:10:00,1758696000,257.00,257.50,257.00,257.49,255.79,284,0,86943,0
Ok,24-09-2025 12:05:00,1758695700,257.00,257.00,257.00,257.00,255.79,83,0,86659,0
Ok,24-09-2025 12:00:00,1758695400,257.03,257.35,257.00,257.00,257.64,921,0,86576,0
Ok,24-09-2025 11:55:00,1758695100,257.68,257.80,257.41,257.80,255.77,73,0,85655,0
Ok,24-09-2025 11:50:00,1758694800,258.84,258.84,257.63,258.00,259.64,439,0,85582,0
Ok,24-09-2025 11:45:00,1758694500,258.62,259.67,258.62,258.84,255.75,267,0,85143,0
Ok,24-09-2025 11:40:00,1758694200,257.95,259.15,257.00,258.67,258.68,1139,0,84876,0
Ok,24-09-2025 11:35:00,1758693900,259.70,259.75,257.41,257.41,258.65,2478,0,83737,0
Ok,24-09-2025 11:30:00,1758693600,259.15,259.82,259.15,259.51,259.32,436,0,81259,0
Ok,24-09-2025 11:25:00,1758693300,258.01,259.14,258.01,259.00,258.51,1627,0,80823,0
Ok,24-09-2025 11:20:00,1758693000,256.51,258.30,256.21,258.30,258.10,912,0,79196,0
Ok,24-09-2025 11:15:00,1758692700,256.67,256.67,256.00,256.16,255.51,97,0,78284,0
Ok,24-09-2025 11:10:00,1758692400,256.22,257.22,256.00,256.30,256.59,1410,0,78187,0
Ok,24-09-2025 11:05:00,1758692100,258.69,258.69,257.00,257.00,257.88,950,0,76777,0
Ok,24-09-2025 11:00:00,1758691800,258.50,259.49,258.03,259.35,258.46,748,0,75827,0
Ok,24-09-2025 10:55:00,1758691500,258.21,258.99,257.90,258.74,258.20,1586,0,75079,0
Ok,24-09-2025 10:50:00,1758691200,260.99,261.80,259.03,259.03,260.37,3496,0,73493,0
Ok,24-09-2025 10:45:00,1758690900,262.42,263.00,261.00,261.00,261.89,3344,0,69997,0
Ok,24-09-2025 10:40:00,1758690600,259.10,264.00,259.06,262.46,261.64,14554,0,66653,0
Ok,24-09-2025 10:35:00,1758690300,256.00,258.80,256.00,258.57,257.36,4820,0,52099,0
Ok,24-09-2025 10:30:00,1758690000,256.20,256.47,254.32,256.00,255.95,5301,0,47279,0
Ok,24-09-2025 10:25:00,1758689700,251.63,257.00,251.00,256.23,255.41,9685,0,41978,0
Ok,24-09-2025 10:20:00,1758689400,250.01,252.21,250.01,251.89,251.92,3388,0,32293,0
Ok,24-09-2025 10:15:00,1758689100,254.28,254.28,249.50,250.01,250.13,9363,0,28905,0
Ok,24-09-2025 10:10:00,1758688800,254.59,255.50,252.00,254.28,253.34,4160,0,19542,0
Ok,24-09-2025 10:05:00,1758688500,253.42,255.48,253.42,254.72,254.87,1740,0,15382,0
Ok,24-09-2025 10:00:00,1758688200,252.92,253.12,252.90,253.01,252.99,219,0,13642,0
Ok,24-09-2025 09:55:00,1758687900,251.66,254.58,251.00,253.86,253.04,1860,0,13423,0
Ok,24-09-2025 09:50:00,1758687600,250.12,252.34,250.12,251.97,250.59,185,0,11563,0
Ok,24-09-2025 09:45:00,1758687300,248.60,250.33,248.00,250.25,249.30,2306,0,11378,0
Ok,24-09-2025 09:40:00,1758687000,248.85,248.85,248.26,248.60,249.36,36,0,9072,0
Ok,24-09-2025 09:35:00,1758686700,248.18,248.85,248.18,248.85,249.36,75,0,9036,0
Ok,24-09-2025 09:30:00,1758686400,249.64,249.64,248.18,248.18,248.05,68,0,8961,0
Ok,24-09-2025 09:25:00,1758686100,249.00,249.68,249.00,249.64,249.37,125,0,8893,0
Ok,24-09-2025 09:20:00,1758685800,249.21,251.50,249.21,249.54,250.28,3766,0,8768,0
Ok,24-09-2025 09:15:00,1758685500,250.00,251.49,249.96,249.96,249.39,3111,0,5002,0
