stat,time,ssboe,into,inth,intl,intc,intvwap,intv,intoi,v,oi
Ok,24-09-2025 15:25:00,1758707700,715.55,716.45,714.00,715.95,715.59,18427,0,772748,0
Ok,24-09-2025 15:20:00,1758707400,715.60,716.10,715.10,715.75,715.29,20833,0,754321,0
Ok,24-09-2025 15:15:00,1758707100,715.60,716.00,715.20,715.45,715.73,14634,0,733488,0
Ok,24-09-2025 15:10:00,1758706800,715.20,715.85,715.05,715.55,715.64,10871,0,718854,0
Ok,24-09-2025 15:05:00,1758706500,715.35,715.95,714.65,715.45,715.43,19320,0,707983,0
Ok,24-09-2025 15:00:00,1758706200,714.60,715.60,714.20,715.25,714.93,11841,0,688663,0
Ok,24-09-2025 14:55:00,1758705900,715.50,716.00,714.55,714.65,714.96,11529,0,676822,0
Ok,24-09-2025 14:50:00,1758705600,717.00,717.00,715.45,715.95,716.34,9179,0,665293,0
Ok,24-09-2025 14:45:00,1758705300,716.00,717.20,715.70,716.95,716.46,6337,0,656114,0
Ok,24-09-2025 14:40:00,1758705000,717.05,717.45,715.85,715.85,716.28,22341,0,649777,0
Ok,24-09-2025 14:35:00,1758704700,717.35,717.80,717.05,717.45,718.62,3978,0,627436,0
Ok,24-09-2025 14:30:00,1758704400,717.75,717.75,717.05,717.30,717.30,4713,0,623458,0
Ok,24-09-2025 14:25:00,1758704100,718.15,718.15,717.50,717.50,717.49,5382,0,618745,0
Ok,24-09-2025 14:20:00,1758703800,718.60,718.60,717.70,717.75,717.55,5600,0,613363,0
Ok,24-09-2025 14:15:00,1758703500,718.60,718.90,718.10,718.10,718.65,6224,0,607763,0
Ok,24-09-2025 14:10:00,1758703200,718.80,718.95,718.20,718.20,718.65,4550,0,601539,0
Ok,24-09-2025 14:05:00,1758702900,719.40,719.40,718.05,718.35,718.65,6658,0,596989,0
Ok,24-09-2025 14:00:00,1758702600,719.45,719.55,718.90,719.45,719.54,6509,0,590331,0
Ok,24-09-2025 13:55:00,1758702300,719.85,720.30,718.80,719.25,719.27,9074,0,583822,0
Ok,24-09-2025 13:50:00,1758702000,720.20,720.45,719.75,720.30,719.69,5314,0,574748,0
Ok,24-09-2025 13:45:00,1758701700,720.15,720.65,719.60,720.25,720.43,6214,0,569434,0
Ok,24-09-2025 13:40:00,1758701400,720.75,721.05,720.20,720.60,719.75,4814,0,563220,0
Ok,24-09-2025 13:35:00,1758701100,720.75,721.70,720.35,720.35,721.42,7746,0,558406,0
Ok,24-09-2025 13:30:00,1758700800,720.50,721.20,720.50,721.00,721.02,8757,0,550660,0
Ok,24-09-2025 13:25:00,1758700500,720.70,720.95,720.10,720.30,719.67,4628,0,541903,0
Ok,24-09-2025 13:20:00,1758700200,720.20,721.20,720.15,720.80,720.92,21210,0,537275,0
Ok,24-09-2025 13:15:00,1758699900,720.75,720.95,720.25,720.25,720.30,5361,0,516065,0
Ok,24-09-2025 13:10:00,1758699600,720.10,720.80,720.00,720.65,720.42,7368,0,510704,0
Ok,24-09-2025 13:05:00,1758699300,720.00,720.70,719.85,720.00,719.95,6166,0,503336,0
Ok,24-09-2025 13:00:00,1758699000,718.40,720.85,718.10,720.85,719.60,29265,0,497170,0
Ok,24-09-2025 12:55:00,1758698700,718.05,718.55,717.95,718.45,718.25,3140,0,467905,0
Ok,24-09-2025 12:50:00,1758698400,718.45,718.60,717.95,718.55,718.25,3812,0,464765,0
Ok,24-09-2025 12:45:00,1758698100,717.90,718.90,717.90,718.50,718.25,7990,0,460953,0
Ok,24-09-2025 12:40:00,1758697800,718.45,718.95,718.00,718.35,718.25,4003,0,452963,0
Ok,24-09-2025 12:35:00,1758697500,718.30,719.15,718.00,718.95,718.25,5701,0,448960,0
Ok,24-09-2025 12:30:00,1758697200,718.30,718.35,717.75,717.95,718.25,5033,0,443259,0
Ok,24-09-2025 12:25:00,1758696900,719.10,719.10,718.05,718.40,718.25,4872,0,438226,0
Ok,24-09-2025 12:20:00,1758696600,719.00,719.45,719.00,719.15,719.37,3816,0,433354,0
Ok,24-09-2025 12:15:00,1758696300,719.50,719.70,719.10,719.40,719.11,4835,0,429538,0
Ok,24-09-2025 12:10:00,1758696000,719.25,719.60,719.00,719.25,718.94,5813,0,424703,0
Ok,24-09-2025 12:05:00,1758695700,719.05,719.50,718.70,719.00,719.15,8710,0,418890,0
Ok,24-09-2025 12:00:00,1758695400,719.00,719.20,718.70,718.70,719.25,11284,0,410180,0
Ok,24-09-2025 11:55:00,1758695100,719.10,719.25,719.00,719.15,718.80,12156,0,398896,0
Ok,24-09-2025 11:50:00,1758694800,717.55,719.35,717.40,719.00,718.66,57405,0,386740,0
Ok,24-09-2025 11:45:00,1758694500,715.80,719.30,715.10,717.00,717.51,67449,0,329335,0
Ok,24-09-2025 11:40:00,1758694200,716.00,716.00,715.00,715.75,715.17,25768,0,261886,0
Ok,24-09-2025 11:35:00,1758693900,715.10,716.25,715.10,715.85,715.63,4808,0,236118,0
Ok,24-09-2025 11:30:00,1758693600,716.00,716.40,715.30,715.40,715.89,7484,0,231310,0
Ok,24-09-2025 11:25:00,1758693300,715.80,716.00,715.45,715.85,715.60,2166,0,223826,0
Ok,24-09-2025 11:20:00,1758693000,716.15,716.35,715.35,715.50,716.02,4058,0,221660,0
Ok,24-09-2025 11:15:00,1758692700,716.05,716.85,716.00,716.45,716.48,6491,0,217602,0
Ok,24-09-2025 11:10:00,1758692400,715.55,716.40,715.50,716.35,715.83,6846,0,211111,0
Ok,24-09-2025 11:05:00,1758692100,716.00,716.45,715.50,715.70,715.88,10204,0,204265,0
Ok,24-09-2025 11:00:00,1758691800,716.75,716.75,715.65,715.65,716.24,5957,0,194061,0
Ok,24-09-2025 10:55:00,1758691500,716.15,716.80,716.15,716.50,716.20,3722,0,188104,0
Ok,24-09-2025 10:50:00,1758691200,716.10,716.70,715.95,716.40,716.44,7602,0,184382,0
Ok,24-09-2025 10:45:00,1758690900,716.95,717.20,716.00,716.40,716.55,6101,0,176780,0
Ok,24-09-2025 10:40:00,1758690600,717.60,718.00,717.00,717.00,716.81,5629,0,170679,0
Ok,24-09-2025 10:35:00,1758690300,717.95,718.00,717.20,717.40,718.30,2611,0,165050,0
Ok,24-09-2025 10:30:00,1758690000,718.85,718.95,717.60,717.60,718.15,11780,0,162439,0
Ok,24-09-2025 10:25:00,1758689700,719.50,719.75,718.50,718.90,718.91,5705,0,150659,0
Ok,24-09-2025 10:20:00,1758689400,719.55,720.30,719.10,719.80,719.97,9928,0,144954,0
Ok,24-09-2025 10:15:00,1758689100,718.15,719.85,718.15,719.50,718.88,6443,0,135026,0
Ok,24-09-2025 10:10:00,1758688800,719.40,719.45,718.20,718.65,718.57,4333,0,128583,0
Ok,24-09-2025 10:05:00,1758688500,718.85,719.90,718.55,719.45,719.15,9392,0,124250,0
Ok,24-09-2025 10:00:00,1758688200,719.30,719.35,718.15,719.00,718.67,7544,0,114858,0
Ok,24-09-2025 09:55:00,1758687900,719.00,719.80,718.85,719.60,719.28,3382,0,107314,0
Ok,24-09-2025 09:50:00,1758687600,719.65,719.65,718.80,719.05,719.20,4211,0,103932,0
Ok,24-09-2025 09:45:00,1758687300,719.15,719.75,717.90,719.75,718.36,11165,0,99721,0
Ok,24-09-2025 09:40:00,1758687000,719.50,719.85,718.10,718.50,718.70,8871,0,88556,0
Ok,24-09-2025 09:35:00,1758686700,719.00,719.75,718.80,719.75,719.31,3841,0,79685,0
Ok,24-09-2025 09:30:00,1758686400,719.30,719.75,718.30,719.20,718.79,11556,0,75844,0
Ok,24-09-2025 09:25:00,1758686100,720.80,720.80,718.35,718.75,719.12,18235,0,64288,0
Ok,24-09-2025 09:20:00,1758685800,720.50,721.00,717.95,720.75,719.51,23095,0,46053,0
Ok,24-09-2025 09:15:00,1758685500,722.40,724.50,720.75,720.85,780.30,21271,0,22958,0
