stat,time,ssboe,into,inth,intl,intc,intvwap,intv,intoi,v,oi
Ok,24-09-2025 15:25:00,1758707700,167.20,167.95,167.20,167.95,167.84,3524,0,165759,0
Ok,24-09-2025 15:20:00,1758707400,167.41,167.63,167.20,167.63,167.17,2420,0,162235,0
Ok,24-09-2025 15:15:00,1758707100,167.90,167.99,167.50,167.50,167.85,29642,0,159815,0
Ok,24-09-2025 15:10:00,1758706800,168.00,168.08,167.79,167.99,168.11,26610,0,130173,0
Ok,24-09-2025 15:05:00,1758706500,167.73,168.00,167.72,167.99,168.00,12349,0,103563,0
Ok,24-09-2025 15:00:00,1758706200,167.50,167.83,167.50,167.83,166.51,2174,0,91214,0
Ok,24-09-2025 14:55:00,1758705900,167.53,167.53,167.29,167.29,167.78,1310,0,89040,0
Ok,24-09-2025 14:50:00,1758705600,167.50,167.80,167.50,167.55,167.78,590,0,87730,0
Ok,24-09-2025 14:45:00,1758705300,168.00,168.00,167.50,167.50,167.78,6387,0,87140,0
Ok,24-09-2025 14:40:00,1758705000,168.00,168.00,168.00,168.00,167.78,701,0,80753,0
Ok,24-09-2025 14:35:00,1758704700,167.94,168.12,167.84,168.12,168.56,1003,0,80052,0
Ok,24-09-2025 14:30:00,1758704400,167.92,167.94,167.92,167.94,167.77,3,0,79049,0
Ok,24-09-2025 14:25:00,1758704100,167.75,167.92,167.54,167.92,167.77,1507,0,79046,0
Ok,24-09-2025 14:20:00,1758703800,167.76,168.02,167.76,167.76,167.77,3181,0,77539,0
Ok,24-09-2025 14:15:00,1758703500,167.56,167.56,167.51,167.51,167.77,208,0,74358,0
Ok,24-09-2025 14:10:00,1758703200,167.56,167.56,167.56,167.56,167.77,83,0,74150,0
Ok,24-09-2025 14:05:00,1758702900,167.41,167.74,167.05,167.74,166.80,1512,0,74067,0
Ok,24-09-2025 14:00:00,1758702600,167.50,167.67,167.41,167.41,167.79,934,0,72555,0
Ok,24-09-2025 13:55:00,1758702300,167.50,167.60,167.50,167.60,167.79,1830,0,71621,0
Ok,24-09-2025 13:50:00,1758702000,167.33,167.33,167.32,167.32,167.09,1000,0,69791,0
Ok,24-09-2025 13:45:00,1758701700,167.33,167.35,167.33,167.35,167.80,86,0,68791,0
Ok,24-09-2025 13:40:00,1758701400,167.33,167.33,167.33,167.33,167.80,1,0,68705,0
Ok,24-09-2025 13:35:00,1758701100,167.33,167.33,167.33,167.33,167.80,10,0,68704,0
Ok,24-09-2025 13:30:00,1758700800,167.33,167.33,167.33,167.33,167.80,50,0,68694,0
Ok,24-09-2025 13:25:00,1758700500,167.16,167.33,167.16,167.33,167.80,37,0,68644,0
Ok,24-09-2025 13:20:00,1758700200,167.16,167.16,167.15,167.15,167.80,217,0,68607,0
Ok,24-09-2025 13:15:00,1758699900,167.30,167.35,167.30,167.30,164.84,231,0,68390,0
Ok,24-09-2025 13:10:00,1758699600,167.22,167.22,167.22,167.22,0.00,0,0,68159,0
Ok,24-09-2025 13:05:00,1758699300,167.36,167.39,167.19,167.22,167.81,191,0,68159,0
Ok,24-09-2025 13:00:00,1758699000,167.16,167.36,167.16,167.36,167.81,50,0,67968,0
Ok,24-09-2025 12:55:00,1758698700,167.20,167.37,167.16,167.16,167.81,96,0,67918,0
Ok,24-09-2025 12:50:00,1758698400,167.29,167.49,167.29,167.37,167.35,1455,0,67822,0
Ok,24-09-2025 12:45:00,1758698100,167.20,167.31,167.20,167.29,167.82,21,0,66367,0
Ok,24-09-2025 12:40:00,1758697800,167.00,167.20,167.00,167.20,167.82,20,0,66346,0
Ok,24-09-2025 12:35:00,1758697500,167.22,167.22,167.00,167.00,167.82,190,0,66326,0
Ok,24-09-2025 12:30:00,1758697200,166.95,167.22,166.95,167.22,166.37,456,0,66136,0
Ok,24-09-2025 12:25:00,1758696900,167.19,167.19,166.95,166.95,167.83,23,0,65680,0
Ok,24-09-2025 12:20:00,1758696600,166.95,166.95,166.95,166.95,0.00,0,0,65657,0
Ok,24-09-2025 12:15:00,1758696300,167.47,167.47,166.95,166.95,167.13,4430,0,65657,0
Ok,24-09-2025 12:10:00,1758696000,167.47,167.47,167.20,167.20,167.88,327,0,61227,0
Ok,24-09-2025 12:05:00,1758695700,167.22,167.61,167.22,167.47,166.47,433,0,60900,0
Ok,24-09-2025 12:00:00,1758695400,167.23,167.69,167.11,167.69,167.66,2606,0,60467,0
Ok,24-09-2025 11:55:00,1758695100,167.39,167.39,167.12,167.32,167.28,5188,0,57861,0
Ok,24-09-2025 11:50:00,1758694800,167.39,167.39,167.39,167.39,167.96,501,0,52673,0
Ok,24-09-2025 11:45:00,1758694500,167.11,167.25,167.10,167.25,164.70,160,0,52172,0
Ok,24-09-2025 11:40:00,1758694200,167.31,167.40,167.09,167.28,167.31,777,0,52012,0
Ok,24-09-2025 11:35:00,1758693900,167.43,167.50,167.43,167.50,167.47,1007,0,51235,0
Ok,24-09-2025 11:30:00,1758693600,167.09,167.49,167.09,167.25,167.99,100,0,50228,0
Ok,24-09-2025 11:25:00,1758693300,167.31,167.31,167.09,167.09,167.99,61,0,50128,0
Ok,24-09-2025 11:20:00,1758693000,167.06,167.32,167.06,167.32,167.99,342,0,50067,0
Ok,24-09-2025 11:15:00,1758692700,167.43,167.43,167.05,167.05,167.01,1002,0,49725,0
Ok,24-09-2025 11:10:00,1758692400,167.45,167.50,167.17,167.43,167.27,1922,0,48723,0
Ok,24-09-2025 11:05:00,1758692100,167.50,167.50,167.45,167.45,165.69,199,0,46801,0
Ok,24-09-2025 11:00:00,1758691800,167.75,167.75,167.50,167.50,168.05,506,0,46602,0
Ok,24-09-2025 10:55:00,1758691500,167.90,167.90,167.60,167.60,167.59,1000,0,46096,0
Ok,24-09-2025 10:50:00,1758691200,167.60,168.01,167.60,167.90,167.69,1218,0,45096,0
Ok,24-09-2025 10:45:00,1758690900,167.60,167.60,167.60,167.60,168.07,50,0,43878,0
Ok,24-09-2025 10:40:00,1758690600,167.93,167.93,167.60,167.60,168.07,84,0,43828,0
Ok,24-09-2025 10:35:00,1758690300,168.01,168.01,167.71,167.93,168.07,476,0,43744,0
Ok,24-09-2025 10:30:00,1758690000,168.27,168.27,168.00,168.21,168.07,2011,0,43268,0
Ok,24-09-2025 10:25:00,1758689700,168.00,168.28,168.00,168.27,167.59,855,0,41257,0
Ok,24-09-2025 10:20:00,1758689400,167.60,167.97,167.60,167.88,168.08,279,0,40402,0
Ok,24-09-2025 10:15:00,1758689100,167.98,167.98,167.60,167.60,168.08,113,0,40123,0
Ok,24-09-2025 10:10:00,1758688800,168.06,168.06,167.85,168.00,168.16,4213,0,40010,0
Ok,24-09-2025 10:05:00,1758688500,167.60,168.37,167.60,167.88,167.88,9992,0,35797,0
Ok,24-09-2025 10:00:00,1758688200,167.79,167.81,167.57,167.57,167.73,1809,0,25805,0
Ok,24-09-2025 09:55:00,1758687900,167.81,167.81,167.50,167.79,167.69,976,0,23996,0
Ok,24-09-2025 09:50:00,1758687600,167.80,167.81,167.50,167.81,167.89,4964,0,23020,0
Ok,24-09-2025 09:45:00,1758687300,167.85,167.85,167.50,167.76,168.27,112,0,18056,0
Ok,24-09-2025 09:40:00,1758687000,167.85,167.88,167.61,167.85,167.37,395,0,17944,0
Ok,24-09-2025 09:35:00,1758686700,167.97,167.98,167.32,167.98,167.49,3243,0,17549,0
Ok,24-09-2025 09:30:00,1758686400,167.86,168.37,167.62,167.97,168.00,2542,0,14306,0
Ok,24-09-2025 09:25:00,1758686100,167.78,167.89,167.51,167.86,167.69,761,0,11764,0
Ok,24-09-2025 09:20:00,1758685800,167.41,167.51,167.01,167.51,167.20,2605,0,11003,0
Ok,24-09-2025 09:15:00,1758685500,168.62,172.80,167.09,167.09,177.20,8012,0,8398,0
