stat,time,ssboe,into,inth,intl,intc,intvwap,intv,intoi,v,oi
Ok,24-09-2025 15:25:00,1758707700,151.48,151.74,151.27,151.74,151.68,23598,0,2534382,0
Ok,24-09-2025 15:20:00,1758707400,150.85,151.50,150.85,151.50,150.61,31928,0,2510784,0
Ok,24-09-2025 15:15:00,1758707100,151.35,151.50,150.70,150.84,151.80,20481,0,2478856,0
Ok,24-09-2025 15:10:00,1758706800,150.76,151.38,150.65,151.28,151.08,183503,0,2458375,0
Ok,24-09-2025 15:05:00,1758706500,150.45,150.86,150.45,150.74,150.65,214761,0,2274872,0
Ok,24-09-2025 15:00:00,1758706200,150.26,150.55,149.85,150.55,150.44,178609,0,2060111,0
Ok,24-09-2025 14:55:00,1758705900,150.86,150.86,150.35,150.38,150.56,9185,0,1881502,0
Ok,24-09-2025 14:50:00,1758705600,150.27,150.75,150.27,150.72,150.56,16792,0,1872317,0
Ok,24-09-2025 14:45:00,1758705300,150.91,151.02,150.22,150.22,150.56,9183,0,1855525,0
Ok,24-09-2025 14:40:00,1758705000,150.49,150.89,150.49,150.82,150.56,6886,0,1846342,0
Ok,24-09-2025 14:35:00,1758704700,150.50,150.60,150.12,150.12,150.56,8343,0,1839456,0
Ok,24-09-2025 14:30:00,1758704400,150.68,150.89,150.50,150.50,150.56,99702,0,1831113,0
Ok,24-09-2025 14:25:00,1758704100,150.82,150.82,150.52,150.60,150.56,45792,0,1731411,0
Ok,24-09-2025 14:20:00,1758703800,151.00,151.29,150.79,150.79,151.07,62766,0,1685619,0
Ok,24-09-2025 14:15:00,1758703500,150.83,150.98,150.82,150.98,150.95,73502,0,1622853,0
Ok,24-09-2025 14:10:00,1758703200,150.76,150.91,150.74,150.83,150.98,32085,0,1549351,0
Ok,24-09-2025 14:05:00,1758702900,150.84,151.09,150.84,150.92,150.80,48354,0,1517266,0
Ok,24-09-2025 14:00:00,1758702600,150.55,150.84,150.55,150.84,150.78,49611,0,1468912,0
Ok,24-09-2025 13:55:00,1758702300,150.57,150.68,150.56,150.56,150.49,310,0,1419301,0
Ok,24-09-2025 13:50:00,1758702000,150.74,150.74,150.57,150.57,150.49,1168,0,1418991,0
Ok,24-09-2025 13:45:00,1758701700,150.92,150.92,150.56,150.70,150.49,8436,0,1417823,0
Ok,24-09-2025 13:40:00,1758701400,151.02,151.06,150.91,151.03,150.49,2425,0,1409387,0
Ok,24-09-2025 13:35:00,1758701100,151.10,151.10,151.05,151.09,157.74,1937,0,1406962,0
Ok,24-09-2025 13:30:00,1758700800,151.17,151.17,150.90,151.10,150.48,9229,0,1405025,0
Ok,24-09-2025 13:25:00,1758700500,151.30,151.30,151.00,151.00,150.48,6691,0,1395796,0
Ok,24-09-2025 13:20:00,1758700200,151.34,151.41,151.07,151.28,150.48,3592,0,1389105,0
Ok,24-09-2025 13:15:00,1758699900,151.29,151.44,151.21,151.21,150.48,2464,0,1385513,0
Ok,24-09-2025 13:10:00,1758699600,151.40,151.48,151.26,151.31,153.27,4923,0,1383049,0
Ok,24-09-2025 13:05:00,1758699300,151.80,151.93,151.20,151.41,151.81,58822,0,1378126,0
Ok,24-09-2025 13:00:00,1758699000,151.08,151.88,150.90,151.76,151.41,208527,0,1319304,0
Ok,24-09-2025 12:55:00,1758698700,150.06,151.09,150.00,151.01,150.56,161506,0,1110777,0
Ok,24-09-2025 12:50:00,1758698400,149.50,150.00,149.50,150.00,149.71,21150,0,949271,0
Ok,24-09-2025 12:45:00,1758698100,149.60,150.06,149.50,149.66,149.70,57507,0,928121,0
Ok,24-09-2025 12:40:00,1758697800,149.58,149.60,149.40,149.59,150.20,8322,0,870614,0
Ok,24-09-2025 12:35:00,1758697500,149.50,149.59,149.50,149.55,148.67,5621,0,862292,0
Ok,24-09-2025 12:30:00,1758697200,149.76,149.76,149.45,149.62,150.21,6054,0,856671,0
Ok,24-09-2025 12:25:00,1758696900,149.55,149.69,149.47,149.69,147.62,3284,0,850617,0
Ok,24-09-2025 12:20:00,1758696600,149.50,149.67,149.50,149.67,150.22,6215,0,847333,0
Ok,24-09-2025 12:15:00,1758696300,149.68,149.75,149.50,149.75,150.22,5738,0,841118,0
Ok,24-09-2025 12:10:00,1758696000,149.60,149.65,149.42,149.64,149.49,11363,0,835380,0
Ok,24-09-2025 12:05:00,1758695700,149.51,149.72,149.50,149.50,148.29,4229,0,824017,0
Ok,24-09-2025 12:00:00,1758695400,149.71,149.82,149.58,149.58,150.24,2449,0,819788,0
Ok,24-09-2025 11:55:00,1758695100,149.71,149.71,149.41,149.58,150.24,4790,0,817339,0
Ok,24-09-2025 11:50:00,1758694800,149.70,149.70,149.50,149.68,149.11,14256,0,812549,0
Ok,24-09-2025 11:45:00,1758694500,150.04,150.16,149.69,149.85,150.26,9210,0,798293,0
Ok,24-09-2025 11:40:00,1758694200,150.25,150.25,149.95,150.00,149.97,26695,0,789083,0
Ok,24-09-2025 11:35:00,1758693900,150.17,150.19,150.00,150.19,150.27,14663,0,762388,0
Ok,24-09-2025 11:30:00,1758693600,150.07,150.15,150.00,150.01,150.27,6633,0,747725,0
Ok,24-09-2025 11:25:00,1758693300,150.18,150.18,150.00,150.00,149.10,6300,0,741092,0
Ok,24-09-2025 11:20:00,1758693000,150.10,150.27,149.94,150.18,150.13,46702,0,734792,0
Ok,24-09-2025 11:15:00,1758692700,150.25,150.50,150.10,150.24,150.29,16089,0,688090,0
Ok,24-09-2025 11:10:00,1758692400,150.36,150.44,150.23,150.30,150.29,8832,0,672001,0
Ok,24-09-2025 11:05:00,1758692100,150.91,150.92,150.20,150.21,150.29,13261,0,663169,0
Ok,24-09-2025 11:00:00,1758691800,150.84,151.50,150.70,150.84,151.09,30573,0,649908,0
Ok,24-09-2025 10:55:00,1758691500,151.05,151.05,150.58,151.00,150.94,8714,0,619335,0
Ok,24-09-2025 10:50:00,1758691200,150.86,151.17,150.50,150.99,151.10,13724,0,610621,0
Ok,24-09-2025 10:45:00,1758690900,150.45,151.20,150.45,150.99,150.77,232818,0,596897,0
Ok,24-09-2025 10:40:00,1758690600,150.50,150.60,150.20,150.40,150.37,42802,0,364079,0
Ok,24-09-2025 10:35:00,1758690300,150.35,150.65,150.32,150.40,150.46,9135,0,321277,0
Ok,24-09-2025 10:30:00,1758690000,150.17,150.51,150.17,150.38,150.46,8732,0,312142,0
Ok,24-09-2025 10:25:00,1758689700,150.74,150.74,150.21,150.21,150.55,20845,0,303410,0
Ok,24-09-2025 10:20:00,1758689400,150.86,151.29,150.50,150.79,150.90,51269,0,282565,0
Ok,24-09-2025 10:15:00,1758689100,149.52,150.83,149.51,150.77,150.24,26808,0,231296,0
Ok,24-09-2025 10:10:00,1758688800,149.85,150.84,149.38,149.38,150.08,64681,0,204488,0
Ok,24-09-2025 10:05:00,1758688500,149.55,149.75,149.41,149.75,149.54,6682,0,139807,0
Ok,24-09-2025 10:00:00,1758688200,149.59,149.60,149.31,149.31,149.47,4606,0,133125,0
Ok,24-09-2025 09:55:00,1758687900,148.88,149.39,148.84,149.31,149.56,1899,0,128519,0
Ok,24-09-2025 09:50:00,1758687600,149.00,149.20,148.87,148.87,148.89,3983,0,126620,0
Ok,24-09-2025 09:45:00,1758687300,148.61,148.96,148.36,148.85,148.54,12966,0,122637,0
Ok,24-09-2025 09:40:00,1758687000,148.83,148.85,148.60,148.67,148.93,655,0,109671,0
Ok,24-09-2025 09:35:00,1758686700,148.95,149.00,148.87,148.87,148.93,315,0,109016,0
Ok,24-09-2025 09:30:00,1758686400,148.64,149.00,148.53,148.95,148.93,4352,0,108701,0
Ok,24-09-2025 09:25:00,1758686100,148.96,148.96,148.41,148.41,148.64,3542,0,104349,0
Ok,24-09-2025 09:20:00,1758685800,148.68,149.29,148.19,148.98,148.55,22788,0,100807,0
Ok,24-09-2025 09:15:00,1758685500,149.00,150.00,148.53,148.67,149.04,77967,0,78019,0
