stat,time,ssboe,into,inth,intl,intc,intvwap,intv,intoi,v,oi
Ok,08-09-2025 15:25:00,1757325300,591.25,593.90,591.25,592.50,591.89,15935,0,431263,0
Ok,08-09-2025 15:20:00,1757325000,593.65,594.35,591.10,591.90,591.74,51208,0,415328,0
Ok,08-09-2025 15:15:00,1757324700,593.90,594.80,593.50,593.80,593.72,7967,0,364120,0
Ok,08-09-2025 15:10:00,1757324400,593.95,594.60,593.50,593.50,593.30,5816,0,356153,0
Ok,08-09-2025 15:05:00,1757324100,593.70,594.50,593.35,593.80,594.79,4741,0,350337,0
Ok,08-09-2025 15:00:00,1757323800,593.55,594.20,593.05,593.25,593.92,4415,0,345596,0
Ok,08-09-2025 14:55:00,1757323500,594.25,594.50,593.15,593.50,593.78,12069,0,341181,0
Ok,08-09-2025 14:50:00,1757323200,594.65,595.15,594.10,594.50,594.18,3265,0,329112,0
Ok,08-09-2025 14:45:00,1757322900,596.15,596.15,594.60,594.60,595.51,3813,0,325847,0
Ok,08-09-2025 14:40:00,1757322600,595.90,596.40,595.80,596.00,591.66,578,0,322034,0
Ok,08-09-2025 14:35:00,1757322300,596.40,596.40,595.35,595.50,597.24,1821,0,321456,0
Ok,08-09-2025 14:30:00,1757322000,596.20,596.60,595.85,596.35,595.91,2400,0,319635,0
Ok,08-09-2025 14:25:00,1757321700,595.30,596.45,595.25,595.60,595.56,3738,0,317235,0
Ok,08-09-2025 14:20:00,1757321400,595.40,595.90,594.50,595.75,595.82,2158,0,313497,0
Ok,08-09-2025 14:15:00,1757321100,595.00,595.20,594.55,595.00,591.54,542,0,311339,0
Ok,08-09-2025 14:10:00,1757320800,594.60,595.20,594.55,595.20,597.29,231,0,310797,0
Ok,08-09-2025 14:05:00,1757320500,594.10,595.00,594.10,595.00,593.99,939,0,310566,0
Ok,08-09-2025 14:00:00,1757320200,594.95,595.20,594.10,594.10,595.58,1795,0,309627,0
Ok,08-09-2025 13:55:00,1757319900,594.30,595.10,594.25,594.90,594.30,2034,0,307832,0
Ok,08-09-2025 13:50:00,1757319600,594.85,595.05,594.05,594.35,594.03,3668,0,305798,0
Ok,08-09-2025 13:45:00,1757319300,595.60,595.70,594.50,594.50,595.27,8433,0,302130,0
Ok,08-09-2025 13:40:00,1757319000,596.45,596.45,595.20,595.20,595.35,4195,0,293697,0
Ok,08-09-2025 13:35:00,1757318700,596.20,596.20,596.10,596.10,597.46,344,0,289502,0
Ok,08-09-2025 13:30:00,1757318400,595.85,596.40,595.55,596.35,595.93,1890,0,289158,0
Ok,08-09-2025 13:25:00,1757318100,595.30,595.35,595.20,595.35,595.38,1377,0,287268,0
Ok,08-09-2025 13:20:00,1757317800,596.10,596.10,595.05,595.35,595.10,2386,0,285891,0
Ok,08-09-2025 13:15:00,1757317500,596.35,596.60,595.45,595.85,595.85,3413,0,283505,0
Ok,08-09-2025 13:10:00,1757317200,597.10,597.10,596.35,596.65,597.52,269,0,280092,0
Ok,08-09-2025 13:05:00,1757316900,596.50,597.05,596.25,597.05,597.52,545,0,279823,0
Ok,08-09-2025 13:00:00,1757316600,596.75,596.90,596.30,596.85,597.52,609,0,279278,0
Ok,08-09-2025 12:55:00,1757316300,597.20,597.20,596.05,596.75,596.45,2609,0,278669,0
Ok,08-09-2025 12:50:00,1757316000,597.10,597.50,596.50,597.15,596.14,1977,0,276060,0
Ok,08-09-2025 12:45:00,1757315700,596.50,598.45,596.10,596.80,597.29,10746,0,274083,0
Ok,08-09-2025 12:40:00,1757315400,597.45,597.50,596.55,596.95,597.55,2062,0,263337,0
Ok,08-09-2025 12:35:00,1757315100,597.10,597.60,596.80,597.50,597.55,1100,0,261275,0
Ok,08-09-2025 12:30:00,1757314800,596.45,597.10,596.40,596.85,595.38,1197,0,260175,0
Ok,08-09-2025 12:25:00,1757314500,596.00,596.55,595.10,596.05,595.78,4301,0,258978,0
Ok,08-09-2025 12:20:00,1757314200,596.50,596.50,595.10,595.85,595.67,3937,0,254677,0
Ok,08-09-2025 12:15:00,1757313900,596.85,596.85,596.05,596.05,597.62,1159,0,250740,0
Ok,08-09-2025 12:10:00,1757313600,596.75,597.20,596.50,597.05,596.67,2615,0,249581,0
Ok,08-09-2025 12:05:00,1757313300,597.20,597.40,596.80,597.20,595.91,1434,0,246966,0
Ok,08-09-2025 12:00:00,1757313000,597.00,597.40,596.55,596.75,597.64,2096,0,245532,0
Ok,08-09-2025 11:55:00,1757312700,597.45,597.60,596.90,597.20,597.64,752,0,243436,0
Ok,08-09-2025 11:50:00,1757312400,597.15,597.95,597.00,597.60,597.64,1015,0,242684,0
Ok,08-09-2025 11:45:00,1757312100,598.55,598.65,596.80,597.55,597.63,2643,0,241669,0
Ok,08-09-2025 11:40:00,1757311800,598.50,598.80,597.95,598.60,598.64,2361,0,239026,0
Ok,08-09-2025 11:35:00,1757311500,597.00,598.25,597.00,597.85,597.63,3911,0,236665,0
Ok,08-09-2025 11:30:00,1757311200,597.05,597.60,596.40,596.50,597.63,2607,0,232754,0
Ok,08-09-2025 11:25:00,1757310900,597.20,597.50,596.65,597.50,596.79,2736,0,230147,0
Ok,08-09-2025 11:20:00,1757310600,597.70,597.70,596.95,596.95,596.90,3042,0,227411,0
Ok,08-09-2025 11:15:00,1757310300,598.25,598.70,597.20,597.65,598.77,1976,0,224369,0
Ok,08-09-2025 11:10:00,1757310000,596.75,598.70,596.30,598.70,596.55,2041,0,222393,0
Ok,08-09-2025 11:05:00,1757309700,595.50,598.85,595.50,596.85,597.14,12418,0,220352,0
Ok,08-09-2025 11:00:00,1757309400,596.00,596.55,595.25,596.00,595.76,3210,0,207934,0
Ok,08-09-2025 10:55:00,1757309100,596.15,596.45,595.35,595.85,595.98,4647,0,204724,0
Ok,08-09-2025 10:50:00,1757308800,596.65,596.95,596.05,596.70,596.16,2487,0,200077,0
Ok,08-09-2025 10:45:00,1757308500,596.95,597.00,596.20,596.90,597.77,1518,0,197590,0
Ok,08-09-2025 10:40:00,1757308200,597.25,597.25,596.30,596.90,596.70,5401,0,196072,0
Ok,08-09-2025 10:35:00,1757307900,596.85,596.95,596.05,596.85,596.30,2529,0,190671,0
Ok,08-09-2025 10:30:00,1757307600,596.70,597.40,596.35,596.90,596.40,2632,0,188142,0
Ok,08-09-2025 10:25:00,1757307300,598.30,598.60,596.15,596.65,597.60,7664,0,185510,0
Ok,08-09-2025 10:20:00,1757307000,599.95,599.95,598.05,598.50,598.52,2600,0,177846,0
Ok,08-09-2025 10:15:00,1757306700,599.55,600.70,599.35,600.00,600.04,4623,0,175246,0
Ok,08-09-2025 10:10:00,1757306400,600.35,601.50,599.30,599.95,600.66,15571,0,170623,0
Ok,08-09-2025 10:05:00,1757306100,599.00,601.00,598.20,599.85,599.96,20585,0,155052,0
Ok,08-09-2025 10:00:00,1757305800,596.50,598.95,596.45,598.95,597.36,9721,0,134467,0
Ok,08-09-2025 09:55:00,1757305500,595.50,596.70,594.80,596.70,595.12,11039,0,124746,0
Ok,08-09-2025 09:50:00,1757305200,596.50,596.60,595.05,595.55,596.29,4469,0,113707,0
Ok,08-09-2025 09:45:00,1757304900,596.80,597.95,596.05,596.55,596.55,6776,0,109238,0
Ok,08-09-2025 09:40:00,1757304600,597.65,598.30,596.50,596.50,597.36,4967,0,102462,0
Ok,08-09-2025 09:35:00,1757304300,599.50,599.60,597.90,598.30,598.81,3883,0,97495,0
Ok,08-09-2025 09:30:00,1757304000,596.60,599.65,596.40,599.05,598.56,10514,0,93612,0
Ok,08-09-2025 09:25:00,1757303700,599.40,599.40,595.20,596.00,597.39,20178,0,83098,0
Ok,08-09-2025 09:20:00,1757303400,593.30,601.85,592.55,599.25,598.41,42445,0,62920,0
Ok,08-09-2025 09:15:00,1757303100,593.40,596.75,592.95,593.00,594.26,20475,0,20475,0
