stat,time,ssboe,into,inth,intl,intc,intvwap,intv,intoi,v,oi
Ok,08-09-2025 15:25:00,1757325300,372.60,373.95,372.40,373.90,372.75,10471,0,424343,0
Ok,08-09-2025 15:20:00,1757325000,372.20,372.90,372.20,372.90,372.35,11944,0,413872,0
Ok,08-09-2025 15:15:00,1757324700,373.05,373.05,372.05,372.10,372.17,17036,0,401928,0
Ok,08-09-2025 15:10:00,1757324400,373.75,374.00,372.80,372.80,373.80,10246,0,384892,0
Ok,08-09-2025 15:05:00,1757324100,372.60,374.00,372.60,374.00,373.02,11881,0,374646,0
Ok,08-09-2025 15:00:00,1757323800,373.05,373.30,372.70,372.75,372.93,4281,0,362765,0
Ok,08-09-2025 14:55:00,1757323500,373.95,373.95,372.70,373.30,372.91,6197,0,358484,0
Ok,08-09-2025 14:50:00,1757323200,373.35,374.00,373.35,374.00,373.50,3025,0,352287,0
Ok,08-09-2025 14:45:00,1757322900,373.95,373.95,373.35,373.60,374.67,1049,0,349262,0
Ok,08-09-2025 14:40:00,1757322600,373.40,374.00,373.30,374.00,373.45,2842,0,348213,0
Ok,08-09-2025 14:35:00,1757322300,373.75,374.05,373.35,373.50,373.19,2323,0,345371,0
Ok,08-09-2025 14:30:00,1757322000,374.10,374.15,373.70,374.05,374.69,1475,0,343048,0
Ok,08-09-2025 14:25:00,1757321700,373.10,374.05,373.10,373.85,373.76,3663,0,341573,0
Ok,08-09-2025 14:20:00,1757321400,372.75,373.05,372.65,373.05,373.35,2498,0,337910,0
Ok,08-09-2025 14:15:00,1757321100,372.90,373.10,372.75,373.05,372.59,3142,0,335412,0
Ok,08-09-2025 14:10:00,1757320800,373.00,373.10,372.65,372.85,372.32,1374,0,332270,0
Ok,08-09-2025 14:05:00,1757320500,372.70,372.90,372.50,372.90,372.64,4688,0,330896,0
Ok,08-09-2025 14:00:00,1757320200,374.00,374.05,372.60,372.60,373.63,11123,0,326208,0
Ok,08-09-2025 13:55:00,1757319900,374.05,374.10,373.75,374.05,373.86,6518,0,315085,0
Ok,08-09-2025 13:50:00,1757319600,374.05,374.10,374.00,374.00,373.41,2164,0,308567,0
Ok,08-09-2025 13:45:00,1757319300,373.90,374.20,373.80,374.00,374.84,2125,0,306403,0
Ok,08-09-2025 13:40:00,1757319000,374.25,374.25,374.00,374.00,373.74,2760,0,304278,0
Ok,08-09-2025 13:35:00,1757318700,374.00,374.40,374.00,374.40,374.33,5761,0,301518,0
Ok,08-09-2025 13:30:00,1757318400,374.10,374.10,373.90,374.05,373.68,4958,0,295757,0
Ok,08-09-2025 13:25:00,1757318100,374.05,374.35,373.10,374.15,373.54,22238,0,290799,0
Ok,08-09-2025 13:20:00,1757317800,374.00,374.05,374.00,374.00,374.05,5664,0,268561,0
Ok,08-09-2025 13:15:00,1757317500,374.60,374.60,374.00,374.05,374.02,5220,0,262897,0
Ok,08-09-2025 13:10:00,1757317200,374.30,374.80,374.00,374.05,374.36,3810,0,257677,0
Ok,08-09-2025 13:05:00,1757316900,374.05,374.50,374.00,374.40,373.80,11766,0,253867,0
Ok,08-09-2025 13:00:00,1757316600,375.60,375.60,374.15,374.45,375.42,7244,0,242101,0
Ok,08-09-2025 12:55:00,1757316300,375.40,375.70,375.35,375.50,375.09,5873,0,234857,0
Ok,08-09-2025 12:50:00,1757316000,375.55,375.55,375.50,375.55,375.48,10890,0,228984,0
Ok,08-09-2025 12:45:00,1757315700,375.50,375.55,375.30,375.50,375.49,4992,0,218094,0
Ok,08-09-2025 12:40:00,1757315400,375.50,375.55,375.50,375.55,375.06,962,0,213102,0
Ok,08-09-2025 12:35:00,1757315100,375.50,375.80,375.20,375.55,375.70,9399,0,212140,0
Ok,08-09-2025 12:30:00,1757314800,375.50,375.60,375.25,375.60,375.03,1999,0,202741,0
Ok,08-09-2025 12:25:00,1757314500,375.70,375.70,375.25,375.60,376.47,1375,0,200742,0
Ok,08-09-2025 12:20:00,1757314200,374.45,375.70,374.10,375.50,375.21,9840,0,199367,0
Ok,08-09-2025 12:15:00,1757313900,373.50,374.55,373.50,374.55,373.73,2940,0,189527,0
Ok,08-09-2025 12:10:00,1757313600,373.85,374.00,373.50,373.70,374.22,2298,0,186587,0
Ok,08-09-2025 12:05:00,1757313300,374.15,374.40,374.00,374.20,373.94,3336,0,184289,0
Ok,08-09-2025 12:00:00,1757313000,374.15,374.30,374.00,374.00,374.18,4072,0,180953,0
Ok,08-09-2025 11:55:00,1757312700,374.25,374.40,374.00,374.00,374.24,8119,0,176881,0
Ok,08-09-2025 11:50:00,1757312400,374.75,374.80,374.25,374.40,374.21,1852,0,168762,0
Ok,08-09-2025 11:45:00,1757312100,374.25,374.80,374.25,374.55,374.68,3685,0,166910,0
Ok,08-09-2025 11:40:00,1757311800,374.10,374.45,374.05,374.25,374.08,1538,0,163225,0
Ok,08-09-2025 11:35:00,1757311500,374.35,374.45,374.00,374.35,374.25,1803,0,161687,0
Ok,08-09-2025 11:30:00,1757311200,374.05,374.55,374.00,374.05,374.02,2780,0,159884,0
Ok,08-09-2025 11:25:00,1757310900,373.50,373.95,373.50,373.95,373.50,1853,0,157104,0
Ok,08-09-2025 11:20:00,1757310600,374.00,374.30,373.70,373.85,374.27,1679,0,155251,0
Ok,08-09-2025 11:15:00,1757310300,373.95,374.25,373.80,374.25,374.31,1695,0,153572,0
Ok,08-09-2025 11:10:00,1757310000,373.70,374.00,373.55,373.60,373.65,2862,0,151877,0
Ok,08-09-2025 11:05:00,1757309700,373.65,373.65,373.15,373.65,373.65,1846,0,149015,0
Ok,08-09-2025 11:00:00,1757309400,373.85,374.15,373.30,373.65,373.45,1606,0,147169,0
Ok,08-09-2025 10:55:00,1757309100,373.70,374.00,373.00,374.00,373.66,9249,0,145563,0
Ok,08-09-2025 10:50:00,1757308800,374.65,374.65,373.70,373.80,373.97,6415,0,136314,0
Ok,08-09-2025 10:45:00,1757308500,374.95,375.05,374.45,374.80,374.69,1657,0,129899,0
Ok,08-09-2025 10:40:00,1757308200,374.50,375.30,374.50,374.60,374.91,4385,0,128242,0
Ok,08-09-2025 10:35:00,1757307900,374.85,374.85,374.15,374.45,374.29,7761,0,123857,0
Ok,08-09-2025 10:30:00,1757307600,374.95,375.20,374.60,374.60,375.04,2139,0,116096,0
Ok,08-09-2025 10:25:00,1757307300,374.65,375.55,374.65,375.15,375.16,5127,0,113957,0
Ok,08-09-2025 10:20:00,1757307000,374.95,375.20,374.60,374.80,374.68,2307,0,108830,0
Ok,08-09-2025 10:15:00,1757306700,374.75,375.50,374.30,375.25,374.91,13193,0,106523,0
Ok,08-09-2025 10:10:00,1757306400,375.00,375.00,374.75,374.95,374.95,4608,0,93330,0
Ok,08-09-2025 10:05:00,1757306100,374.95,375.35,374.80,375.10,375.08,4925,0,88722,0
Ok,08-09-2025 10:00:00,1757305800,374.95,375.55,374.95,375.30,375.16,3733,0,83797,0
Ok,08-09-2025 09:55:00,1757305500,375.50,375.85,374.90,374.90,375.19,10725,0,80064,0
Ok,08-09-2025 09:50:00,1757305200,375.55,376.15,375.40,375.85,375.77,4041,0,69339,0
Ok,08-09-2025 09:45:00,1757304900,376.35,376.40,375.60,375.95,376.05,5437,0,65298,0
Ok,08-09-2025 09:40:00,1757304600,375.90,376.20,375.45,376.00,375.82,4969,0,59861,0
Ok,08-09-2025 09:35:00,1757304300,376.30,376.65,375.75,375.85,376.25,4801,0,54892,0
Ok,08-09-2025 09:30:00,1757304000,375.00,376.45,375.00,376.00,375.64,4979,0,50091,0
Ok,08-09-2025 09:25:00,1757303700,374.25,375.40,374.00,374.85,375.02,8381,0,45112,0
Ok,08-09-2025 09:20:00,1757303400,375.70,375.70,374.05,374.60,374.84,13511,0,36731,0
Ok,08-09-2025 09:15:00,1757303100,376.70,377.80,376.15,376.20,376.91,23220,0,23220,0
