stat,time,ssboe,into,inth,intl,intc,intvwap,intv,intoi,v,oi
Ok,08-09-2025 15:25:00,1757325300,452.55,453.20,452.15,453.20,452.56,8940,0,332901,0
Ok,08-09-2025 15:20:00,1757325000,452.15,452.65,451.60,452.65,451.99,9526,0,323961,0
Ok,08-09-2025 15:15:00,1757324700,452.45,452.55,451.50,452.10,451.92,17217,0,314435,0
Ok,08-09-2025 15:10:00,1757324400,452.35,452.70,452.00,452.35,452.60,6434,0,297218,0
Ok,08-09-2025 15:05:00,1757324100,452.55,453.05,452.30,452.40,452.12,3098,0,290784,0
Ok,08-09-2025 15:00:00,1757323800,453.60,453.80,452.10,452.70,453.15,12051,0,287686,0
Ok,08-09-2025 14:55:00,1757323500,454.05,454.40,453.10,453.55,453.83,12578,0,275635,0
Ok,08-09-2025 14:50:00,1757323200,454.05,454.70,454.05,454.35,454.10,3442,0,263057,0
Ok,08-09-2025 14:45:00,1757322900,455.50,455.75,454.30,454.30,454.53,6729,0,259615,0
Ok,08-09-2025 14:40:00,1757322600,455.70,455.90,455.25,455.75,457.24,897,0,252886,0
Ok,08-09-2025 14:35:00,1757322300,455.90,456.10,455.35,455.70,455.66,4720,0,251989,0
Ok,08-09-2025 14:30:00,1757322000,456.00,456.45,455.65,456.15,457.27,1613,0,247269,0
Ok,08-09-2025 14:25:00,1757321700,454.75,456.35,454.75,456.05,455.16,4601,0,245656,0
Ok,08-09-2025 14:20:00,1757321400,455.70,455.75,454.75,454.90,455.44,2559,0,241055,0
Ok,08-09-2025 14:15:00,1757321100,455.25,455.80,455.00,455.75,455.70,1464,0,238496,0
Ok,08-09-2025 14:10:00,1757320800,455.35,455.35,454.95,455.00,454.77,1838,0,237032,0
Ok,08-09-2025 14:05:00,1757320500,455.15,455.50,455.00,455.25,454.59,850,0,235194,0
Ok,08-09-2025 14:00:00,1757320200,454.75,455.80,454.75,455.50,455.89,4685,0,234344,0
Ok,08-09-2025 13:55:00,1757319900,454.75,455.00,454.70,455.00,454.41,2288,0,229659,0
Ok,08-09-2025 13:50:00,1757319600,455.30,455.30,454.70,455.00,454.94,3599,0,227371,0
Ok,08-09-2025 13:45:00,1757319300,455.40,455.75,455.00,455.05,455.14,4724,0,223772,0
Ok,08-09-2025 13:40:00,1757319000,456.05,456.05,455.40,455.70,455.63,2298,0,219048,0
Ok,08-09-2025 13:35:00,1757318700,456.30,456.35,456.00,456.35,457.54,475,0,216750,0
Ok,08-09-2025 13:30:00,1757318400,456.30,456.40,456.00,456.25,453.55,542,0,216275,0
Ok,08-09-2025 13:25:00,1757318100,456.00,456.45,456.00,456.30,457.55,712,0,215733,0
Ok,08-09-2025 13:20:00,1757317800,456.80,456.85,456.00,456.40,456.47,1978,0,215021,0
Ok,08-09-2025 13:15:00,1757317500,456.80,457.15,456.55,456.75,452.84,451,0,213043,0
Ok,08-09-2025 13:10:00,1757317200,457.00,457.20,457.00,457.15,457.57,541,0,212592,0
Ok,08-09-2025 13:05:00,1757316900,457.50,457.50,457.10,457.10,457.57,695,0,212051,0
Ok,08-09-2025 13:00:00,1757316600,457.40,457.50,457.20,457.45,457.57,811,0,211356,0
Ok,08-09-2025 12:55:00,1757316300,457.20,457.40,457.05,457.30,457.57,512,0,210545,0
Ok,08-09-2025 12:50:00,1757316000,457.05,457.35,456.80,457.20,456.74,2505,0,210033,0
Ok,08-09-2025 12:45:00,1757315700,456.75,457.00,456.55,456.95,457.58,647,0,207528,0
Ok,08-09-2025 12:40:00,1757315400,456.95,457.00,456.30,456.55,457.09,4190,0,206881,0
Ok,08-09-2025 12:35:00,1757315100,455.90,457.00,455.85,457.00,456.21,2911,0,202691,0
Ok,08-09-2025 12:30:00,1757314800,455.45,456.15,455.40,455.85,455.87,3403,0,199780,0
Ok,08-09-2025 12:25:00,1757314500,457.30,457.80,455.40,456.10,456.24,20240,0,196377,0
Ok,08-09-2025 12:20:00,1757314200,457.55,457.75,457.15,457.50,457.80,1006,0,176137,0
Ok,08-09-2025 12:15:00,1757313900,458.15,458.45,457.65,457.65,457.80,2054,0,175131,0
Ok,08-09-2025 12:10:00,1757313600,458.35,458.90,458.05,458.25,458.72,1842,0,173077,0
Ok,08-09-2025 12:05:00,1757313300,458.95,458.95,457.95,458.50,458.18,8276,0,171235,0
Ok,08-09-2025 12:00:00,1757313000,458.80,459.25,458.65,458.90,457.77,533,0,162959,0
Ok,08-09-2025 11:55:00,1757312700,459.20,459.50,458.50,459.05,458.91,2769,0,162426,0
Ok,08-09-2025 11:50:00,1757312400,459.50,460.00,459.15,459.15,459.36,1947,0,159657,0
Ok,08-09-2025 11:45:00,1757312100,459.75,460.00,459.05,460.00,459.70,3118,0,157710,0
Ok,08-09-2025 11:40:00,1757311800,459.50,459.85,459.40,459.40,459.43,2598,0,154592,0
Ok,08-09-2025 11:35:00,1757311500,458.95,459.75,458.95,459.40,458.90,1202,0,151994,0
Ok,08-09-2025 11:30:00,1757311200,458.65,459.00,458.05,459.00,458.90,2368,0,150792,0
Ok,08-09-2025 11:25:00,1757310900,458.65,458.80,458.15,458.60,458.36,1980,0,148424,0
Ok,08-09-2025 11:20:00,1757310600,458.75,458.75,457.85,458.35,457.87,5547,0,146444,0
Ok,08-09-2025 11:15:00,1757310300,458.50,458.85,458.35,458.50,459.66,681,0,140897,0
Ok,08-09-2025 11:10:00,1757310000,458.90,458.90,458.15,458.50,457.60,658,0,140216,0
Ok,08-09-2025 11:05:00,1757309700,458.05,458.70,458.05,458.70,458.14,2472,0,139558,0
Ok,08-09-2025 11:00:00,1757309400,458.15,458.50,458.10,458.15,460.74,433,0,137086,0
Ok,08-09-2025 10:55:00,1757309100,457.95,458.35,457.85,458.30,457.58,2616,0,136653,0
Ok,08-09-2025 10:50:00,1757308800,458.60,458.95,458.40,458.40,458.42,3077,0,134037,0
Ok,08-09-2025 10:45:00,1757308500,457.35,457.95,457.20,457.90,457.31,5356,0,130960,0
Ok,08-09-2025 10:40:00,1757308200,457.55,458.35,457.05,457.40,457.57,3835,0,125604,0
Ok,08-09-2025 10:35:00,1757307900,456.80,457.60,456.35,457.55,456.99,2094,0,121769,0
Ok,08-09-2025 10:30:00,1757307600,458.05,458.05,456.35,456.75,457.23,3390,0,119675,0
Ok,08-09-2025 10:25:00,1757307300,458.05,458.50,457.60,458.00,458.21,1824,0,116285,0
Ok,08-09-2025 10:20:00,1757307000,458.35,459.00,458.35,458.45,458.83,2669,0,114461,0
Ok,08-09-2025 10:15:00,1757306700,459.50,459.50,458.35,458.75,458.61,3055,0,111792,0
Ok,08-09-2025 10:10:00,1757306400,459.30,459.80,459.00,459.20,459.02,1423,0,108737,0
Ok,08-09-2025 10:05:00,1757306100,458.20,459.85,458.20,459.05,458.90,13943,0,107314,0
Ok,08-09-2025 10:00:00,1757305800,458.50,459.45,458.20,458.55,459.10,10487,0,93371,0
Ok,08-09-2025 09:55:00,1757305500,457.35,458.95,456.30,458.70,457.18,6037,0,82884,0
Ok,08-09-2025 09:50:00,1757305200,457.30,457.90,456.85,457.40,457.42,1963,0,76847,0
Ok,08-09-2025 09:45:00,1757304900,458.65,459.00,457.00,457.35,457.67,8338,0,74884,0
Ok,08-09-2025 09:40:00,1757304600,458.60,458.90,458.35,458.35,458.83,1728,0,66546,0
Ok,08-09-2025 09:35:00,1757304300,458.15,458.80,457.65,458.70,458.23,6986,0,64818,0
Ok,08-09-2025 09:30:00,1757304000,456.50,458.50,456.40,458.40,457.70,7334,0,57832,0
Ok,08-09-2025 09:25:00,1757303700,456.90,456.90,455.20,456.05,455.97,7513,0,50498,0
Ok,08-09-2025 09:20:00,1757303400,455.85,457.00,454.55,457.00,455.76,10061,0,42985,0
Ok,08-09-2025 09:15:00,1757303100,457.25,459.80,455.30,456.15,457.00,32924,0,32924,0
