stat,time,ssboe,into,inth,intl,intc,intvwap,intv,intoi,v,oi
Ok,08-09-2025 15:25:00,1757325300,478.00,479.20,476.80,479.20,477.71,4818,0,153498,0
Ok,08-09-2025 15:20:00,1757325000,477.45,478.30,476.60,477.80,476.85,5322,0,148680,0
Ok,08-09-2025 15:15:00,1757324700,475.80,479.00,475.80,477.75,477.12,5278,0,143358,0
Ok,08-09-2025 15:10:00,1757324400,475.75,476.35,475.40,476.25,475.96,2845,0,138080,0
Ok,08-09-2025 15:05:00,1757324100,477.80,478.00,475.35,476.00,475.58,5450,0,135235,0
Ok,08-09-2025 15:00:00,1757323800,477.45,477.45,476.65,477.30,476.62,1565,0,129785,0
Ok,08-09-2025 14:55:00,1757323500,477.40,477.55,477.40,477.55,478.23,379,0,128220,0
Ok,08-09-2025 14:50:00,1757323200,476.50,477.35,476.50,477.35,476.43,1224,0,127841,0
Ok,08-09-2025 14:45:00,1757322900,478.45,478.75,476.40,476.40,477.22,1131,0,126617,0
Ok,08-09-2025 14:40:00,1757322600,479.25,479.25,478.55,478.55,481.71,368,0,125486,0
Ok,08-09-2025 14:35:00,1757322300,479.00,479.25,479.00,479.25,467.17,86,0,125118,0
Ok,08-09-2025 14:30:00,1757322000,478.55,479.00,478.55,479.00,481.72,237,0,125032,0
Ok,08-09-2025 14:25:00,1757321700,478.15,479.00,478.15,478.65,478.34,369,0,124795,0
Ok,08-09-2025 14:20:00,1757321400,478.90,479.40,477.55,478.10,478.68,1215,0,124426,0
Ok,08-09-2025 14:15:00,1757321100,477.40,478.60,477.40,478.60,477.16,800,0,123211,0
Ok,08-09-2025 14:10:00,1757320800,477.55,477.75,477.35,477.75,478.27,693,0,122411,0
Ok,08-09-2025 14:05:00,1757320500,476.60,477.30,476.35,477.30,476.82,729,0,121718,0
Ok,08-09-2025 14:00:00,1757320200,478.10,478.10,476.60,476.80,476.98,1720,0,120989,0
Ok,08-09-2025 13:55:00,1757319900,477.40,478.05,477.00,478.05,477.76,2541,0,119269,0
Ok,08-09-2025 13:50:00,1757319600,477.45,477.70,477.10,477.45,477.77,1097,0,116728,0
Ok,08-09-2025 13:45:00,1757319300,481.45,481.45,476.90,477.45,476.01,21189,0,115631,0
Ok,08-09-2025 13:40:00,1757319000,481.50,481.50,481.45,481.45,483.39,164,0,94442,0
Ok,08-09-2025 13:35:00,1757318700,480.90,481.05,480.65,481.05,476.66,140,0,94278,0
Ok,08-09-2025 13:30:00,1757318400,481.15,481.15,480.10,480.65,481.41,471,0,94138,0
Ok,08-09-2025 13:25:00,1757318100,480.60,481.00,480.45,481.00,480.13,3314,0,93667,0
Ok,08-09-2025 13:20:00,1757317800,481.90,481.90,481.30,481.50,483.53,152,0,90353,0
Ok,08-09-2025 13:15:00,1757317500,481.65,481.95,481.65,481.70,479.79,241,0,90201,0
Ok,08-09-2025 13:10:00,1757317200,481.25,481.50,481.25,481.50,481.67,953,0,89960,0
Ok,08-09-2025 13:05:00,1757316900,481.70,481.70,481.00,481.00,481.55,443,0,89007,0
Ok,08-09-2025 13:00:00,1757316600,481.70,481.95,481.65,481.95,483.57,119,0,88564,0
Ok,08-09-2025 12:55:00,1757316300,480.60,481.20,480.30,481.20,480.54,292,0,88445,0
Ok,08-09-2025 12:50:00,1757316000,480.60,480.90,480.55,480.90,475.56,110,0,88153,0
Ok,08-09-2025 12:45:00,1757315700,480.20,480.55,480.20,480.55,480.66,896,0,88043,0
Ok,08-09-2025 12:40:00,1757315400,480.55,480.55,480.15,480.20,480.80,920,0,87147,0
Ok,08-09-2025 12:35:00,1757315100,480.20,480.70,480.20,480.55,480.16,1702,0,86227,0
Ok,08-09-2025 12:30:00,1757314800,479.45,480.30,479.45,479.95,478.58,328,0,84525,0
Ok,08-09-2025 12:25:00,1757314500,478.50,479.45,478.15,479.45,478.95,3382,0,84197,0
Ok,08-09-2025 12:20:00,1757314200,479.05,479.05,478.45,478.45,478.17,419,0,80815,0
Ok,08-09-2025 12:15:00,1757313900,479.15,479.15,478.65,478.65,479.38,175,0,80396,0
Ok,08-09-2025 12:10:00,1757313600,479.35,479.70,478.10,479.10,478.66,3473,0,80221,0
Ok,08-09-2025 12:05:00,1757313300,479.00,479.20,478.80,479.15,478.62,949,0,76748,0
Ok,08-09-2025 12:00:00,1757313000,479.00,479.90,478.10,478.85,479.09,2128,0,75799,0
Ok,08-09-2025 11:55:00,1757312700,480.95,480.95,478.40,479.10,479.60,4438,0,73671,0
Ok,08-09-2025 11:50:00,1757312400,481.50,482.40,480.10,480.10,481.05,3051,0,69233,0
Ok,08-09-2025 11:45:00,1757312100,482.35,482.35,481.50,481.50,483.17,377,0,66182,0
Ok,08-09-2025 11:40:00,1757311800,482.00,482.35,481.75,482.35,481.40,186,0,65805,0
Ok,08-09-2025 11:35:00,1757311500,481.30,482.50,481.10,481.50,481.88,1474,0,65619,0
Ok,08-09-2025 11:30:00,1757311200,482.20,482.20,481.10,481.35,481.86,607,0,64145,0
Ok,08-09-2025 11:25:00,1757310900,481.70,482.70,481.70,482.20,482.04,632,0,63538,0
Ok,08-09-2025 11:20:00,1757310600,481.50,482.55,481.05,482.55,482.91,5597,0,62906,0
Ok,08-09-2025 11:15:00,1757310300,483.10,483.10,482.00,482.00,482.05,1729,0,57309,0
Ok,08-09-2025 11:10:00,1757310000,482.60,482.90,482.55,482.55,482.86,220,0,55580,0
Ok,08-09-2025 11:05:00,1757309700,483.00,483.40,482.60,482.60,483.07,943,0,55360,0
Ok,08-09-2025 11:00:00,1757309400,483.00,483.35,482.60,483.00,483.48,279,0,54417,0
Ok,08-09-2025 10:55:00,1757309100,483.30,483.40,483.25,483.40,473.69,321,0,54138,0
Ok,08-09-2025 10:50:00,1757308800,484.00,484.00,483.20,483.20,485.51,1406,0,53817,0
Ok,08-09-2025 10:45:00,1757308500,483.85,484.00,483.20,483.85,483.67,1391,0,52411,0
Ok,08-09-2025 10:40:00,1757308200,483.25,483.80,482.60,483.50,483.06,1784,0,51020,0
Ok,08-09-2025 10:35:00,1757307900,486.90,486.90,482.35,482.75,484.63,8783,0,49236,0
Ok,08-09-2025 10:30:00,1757307600,488.00,488.00,487.00,487.05,487.08,330,0,40453,0
Ok,08-09-2025 10:25:00,1757307300,488.30,488.95,487.60,488.10,488.42,1212,0,40123,0
Ok,08-09-2025 10:20:00,1757307000,488.85,489.15,488.65,488.65,485.78,90,0,38911,0
Ok,08-09-2025 10:15:00,1757306700,488.85,489.25,488.30,488.85,489.11,1774,0,38821,0
Ok,08-09-2025 10:10:00,1757306400,488.85,489.00,488.30,488.35,488.70,357,0,37047,0
Ok,08-09-2025 10:05:00,1757306100,488.50,489.30,488.50,488.75,488.94,1966,0,36690,0
Ok,08-09-2025 10:00:00,1757305800,489.55,490.00,488.70,489.00,489.56,2475,0,34724,0
Ok,08-09-2025 09:55:00,1757305500,489.20,491.05,488.55,489.50,489.75,2831,0,32249,0
Ok,08-09-2025 09:50:00,1757305200,486.80,489.50,486.30,489.50,487.82,2754,0,29418,0
Ok,08-09-2025 09:45:00,1757304900,487.45,487.45,485.90,486.30,486.85,1479,0,26664,0
Ok,08-09-2025 09:40:00,1757304600,485.90,487.20,485.60,487.20,486.48,2076,0,25185,0
Ok,08-09-2025 09:35:00,1757304300,485.40,485.60,484.20,485.60,484.37,1462,0,23109,0
Ok,08-09-2025 09:30:00,1757304000,483.30,485.30,483.00,484.70,484.42,6239,0,21647,0
Ok,08-09-2025 09:25:00,1757303700,482.30,482.60,481.10,482.60,481.55,4807,0,15408,0
Ok,08-09-2025 09:20:00,1757303400,485.10,485.40,482.45,482.45,484.12,7810,0,10601,0
Ok,08-09-2025 09:15:00,1757303100,486.00,488.35,485.75,485.85,486.16,2791,0,2791,0
