stat,time,ssboe,into,inth,intl,intc,intvwap,intv,intoi,v,oi
Ok,08-09-2025 15:25:00,1757325300,427.60,428.00,425.65,426.95,427.08,5782,0,164534,0
Ok,08-09-2025 15:20:00,1757325000,427.55,427.95,427.45,427.55,427.34,2690,0,158752,0
Ok,08-09-2025 15:15:00,1757324700,429.05,429.05,426.95,427.50,427.62,8222,0,156062,0
Ok,08-09-2025 15:10:00,1757324400,429.45,429.65,428.85,429.50,429.39,1794,0,147840,0
Ok,08-09-2025 15:05:00,1757324100,429.80,430.00,428.75,429.35,429.49,6016,0,146046,0
Ok,08-09-2025 15:00:00,1757323800,430.05,430.05,429.05,430.00,429.42,3055,0,140030,0
Ok,08-09-2025 14:55:00,1757323500,429.55,430.40,429.20,429.80,430.16,3224,0,136975,0
Ok,08-09-2025 14:50:00,1757323200,429.00,429.95,429.00,429.90,428.47,1251,0,133751,0
Ok,08-09-2025 14:45:00,1757322900,431.40,431.40,429.00,429.30,430.42,4566,0,132500,0
Ok,08-09-2025 14:40:00,1757322600,430.95,431.65,430.55,431.40,431.14,925,0,127934,0
Ok,08-09-2025 14:35:00,1757322300,431.00,431.40,430.75,430.95,428.38,125,0,127009,0
Ok,08-09-2025 14:30:00,1757322000,430.70,431.35,430.70,431.00,431.31,857,0,126884,0
Ok,08-09-2025 14:25:00,1757321700,431.00,431.10,430.30,430.75,430.35,627,0,126027,0
Ok,08-09-2025 14:20:00,1757321400,430.60,430.60,430.50,430.55,428.35,31,0,125400,0
Ok,08-09-2025 14:15:00,1757321100,430.75,430.75,430.30,430.55,430.57,561,0,125369,0
Ok,08-09-2025 14:10:00,1757320800,430.75,431.15,430.10,430.40,431.61,380,0,124808,0
Ok,08-09-2025 14:05:00,1757320500,430.45,430.80,430.00,430.75,431.22,427,0,124428,0
Ok,08-09-2025 14:00:00,1757320200,430.80,431.50,430.00,430.00,432.92,536,0,124001,0
Ok,08-09-2025 13:55:00,1757319900,430.00,431.00,430.00,430.80,428.30,404,0,123465,0
Ok,08-09-2025 13:50:00,1757319600,430.60,430.75,430.10,430.10,428.30,151,0,123061,0
Ok,08-09-2025 13:45:00,1757319300,430.50,430.80,430.35,430.35,430.90,936,0,122910,0
Ok,08-09-2025 13:40:00,1757319000,431.35,431.45,430.50,430.50,430.69,502,0,121974,0
Ok,08-09-2025 13:35:00,1757318700,431.20,431.90,430.95,431.40,431.40,3022,0,121472,0
Ok,08-09-2025 13:30:00,1757318400,431.65,431.65,431.20,431.35,431.00,834,0,118450,0
Ok,08-09-2025 13:25:00,1757318100,431.10,431.50,431.00,431.30,430.64,942,0,117616,0
Ok,08-09-2025 13:20:00,1757317800,431.30,431.30,431.00,431.10,433.21,230,0,116674,0
Ok,08-09-2025 13:15:00,1757317500,431.70,432.15,431.70,431.90,431.73,323,0,116444,0
Ok,08-09-2025 13:10:00,1757317200,432.00,432.20,431.40,431.70,431.09,777,0,116121,0
Ok,08-09-2025 13:05:00,1757316900,432.10,432.40,431.50,431.50,432.05,1157,0,115344,0
Ok,08-09-2025 13:00:00,1757316600,432.80,433.00,432.75,432.75,432.33,533,0,114187,0
Ok,08-09-2025 12:55:00,1757316300,432.50,432.80,432.45,432.75,432.84,706,0,113654,0
Ok,08-09-2025 12:50:00,1757316000,432.35,432.80,432.10,432.80,432.84,698,0,112948,0
Ok,08-09-2025 12:45:00,1757315700,433.25,433.25,432.55,432.55,431.47,321,0,112250,0
Ok,08-09-2025 12:40:00,1757315400,432.90,433.55,432.90,433.30,433.56,1189,0,111929,0
Ok,08-09-2025 12:35:00,1757315100,431.90,432.50,431.50,432.50,432.31,999,0,110740,0
Ok,08-09-2025 12:30:00,1757314800,431.90,433.45,431.90,432.30,432.86,3204,0,109741,0
Ok,08-09-2025 12:25:00,1757314500,430.85,433.15,430.85,432.45,432.31,3150,0,106537,0
Ok,08-09-2025 12:20:00,1757314200,430.75,431.55,430.00,430.00,430.15,5702,0,103387,0
Ok,08-09-2025 12:15:00,1757313900,431.00,431.55,431.00,431.00,431.41,973,0,97685,0
Ok,08-09-2025 12:10:00,1757313600,431.50,431.60,431.00,431.50,431.70,224,0,96712,0
Ok,08-09-2025 12:05:00,1757313300,431.50,431.85,431.00,431.05,431.42,1645,0,96488,0
Ok,08-09-2025 12:00:00,1757313000,431.55,431.55,430.80,431.50,431.84,4959,0,94843,0
Ok,08-09-2025 11:55:00,1757312700,432.70,433.05,432.15,432.30,432.39,1330,0,89884,0
Ok,08-09-2025 11:50:00,1757312400,431.45,432.90,430.50,432.50,431.74,4078,0,88554,0
Ok,08-09-2025 11:45:00,1757312100,430.95,431.65,430.90,431.40,431.31,552,0,84476,0
Ok,08-09-2025 11:40:00,1757311800,430.85,431.30,430.80,431.15,431.21,372,0,83924,0
Ok,08-09-2025 11:35:00,1757311500,430.10,431.60,429.20,431.20,430.10,1211,0,83552,0
Ok,08-09-2025 11:30:00,1757311200,433.65,433.95,429.00,429.60,431.56,6628,0,82341,0
Ok,08-09-2025 11:25:00,1757310900,426.50,433.65,425.50,433.50,431.06,11753,0,75713,0
Ok,08-09-2025 11:20:00,1757310600,425.85,426.85,425.50,426.25,426.25,692,0,63960,0
Ok,08-09-2025 11:15:00,1757310300,425.40,426.45,425.40,425.55,425.87,1130,0,63268,0
Ok,08-09-2025 11:10:00,1757310000,424.45,425.90,424.35,425.90,426.69,3390,0,62138,0
Ok,08-09-2025 11:05:00,1757309700,423.40,424.50,423.40,424.50,423.71,1133,0,58748,0
Ok,08-09-2025 11:00:00,1757309400,424.10,424.45,423.45,423.70,423.65,1395,0,57615,0
Ok,08-09-2025 10:55:00,1757309100,424.00,424.35,423.90,424.20,425.31,249,0,56220,0
Ok,08-09-2025 10:50:00,1757308800,423.85,424.50,423.60,423.75,424.01,1268,0,55971,0
Ok,08-09-2025 10:45:00,1757308500,424.80,425.25,424.00,424.00,424.29,2510,0,54703,0
Ok,08-09-2025 10:40:00,1757308200,423.35,424.80,423.00,424.80,424.63,7680,0,52193,0
Ok,08-09-2025 10:35:00,1757307900,423.05,423.60,423.00,423.30,423.69,2964,0,44513,0
Ok,08-09-2025 10:30:00,1757307600,424.15,424.50,422.00,422.90,422.89,2285,0,41549,0
Ok,08-09-2025 10:25:00,1757307300,425.40,425.40,424.30,424.60,424.66,1007,0,39264,0
Ok,08-09-2025 10:20:00,1757307000,427.20,427.20,425.40,425.40,426.08,2789,0,38257,0
Ok,08-09-2025 10:15:00,1757306700,426.50,427.15,426.50,426.50,427.00,875,0,35468,0
Ok,08-09-2025 10:10:00,1757306400,427.25,427.90,426.55,426.55,427.18,1191,0,34593,0
Ok,08-09-2025 10:05:00,1757306100,425.20,427.40,425.20,426.30,426.66,2334,0,33402,0
Ok,08-09-2025 10:00:00,1757305800,426.30,426.50,425.30,425.35,426.01,879,0,31068,0
Ok,08-09-2025 09:55:00,1757305500,426.15,427.10,425.60,425.75,426.52,1320,0,30189,0
Ok,08-09-2025 09:50:00,1757305200,427.50,427.50,426.15,426.15,426.72,4009,0,28869,0
Ok,08-09-2025 09:45:00,1757304900,426.35,427.45,426.25,427.45,426.94,1100,0,24860,0
Ok,08-09-2025 09:40:00,1757304600,426.00,426.70,425.85,426.65,426.01,1693,0,23760,0
Ok,08-09-2025 09:35:00,1757304300,425.35,427.25,425.15,425.65,425.94,2502,0,22067,0
Ok,08-09-2025 09:30:00,1757304000,423.65,425.95,423.10,425.40,425.23,3009,0,19565,0
Ok,08-09-2025 09:25:00,1757303700,423.25,424.20,422.10,424.00,422.71,5467,0,16556,0
Ok,08-09-2025 09:20:00,1757303400,427.00,427.00,423.00,423.50,424.82,6508,0,11089,0
Ok,08-09-2025 09:15:00,1757303100,427.85,430.95,427.40,427.40,428.81,4581,0,4581,0
