stat,time,ssboe,into,inth,intl,intc,intvwap,intv,intoi,v,oi
Ok,08-09-2025 15:25:00,1757325300,597.80,598.50,597.00,597.00,597.88,4548,0,230071,0
Ok,08-09-2025 15:20:00,1757325000,597.00,597.95,594.75,597.50,595.60,6006,0,225523,0
Ok,08-09-2025 15:15:00,1757324700,595.00,598.00,594.15,597.05,597.01,3288,0,219517,0
Ok,08-09-2025 15:10:00,1757324400,596.65,596.65,591.55,594.90,593.90,1261,0,216229,0
Ok,08-09-2025 15:05:00,1757324100,595.20,596.70,594.00,596.70,595.58,1236,0,214968,0
Ok,08-09-2025 15:00:00,1757323800,597.10,597.20,594.30,596.75,596.88,976,0,213732,0
Ok,08-09-2025 14:55:00,1757323500,593.90,597.75,593.00,597.00,595.32,1689,0,212756,0
Ok,08-09-2025 14:50:00,1757323200,593.65,594.05,591.05,594.00,592.11,602,0,211067,0
Ok,08-09-2025 14:45:00,1757322900,594.10,597.40,593.45,593.45,593.66,768,0,210465,0
Ok,08-09-2025 14:40:00,1757322600,595.30,598.50,593.25,595.45,596.34,1487,0,209697,0
Ok,08-09-2025 14:35:00,1757322300,592.75,593.95,590.10,592.25,594.28,425,0,208210,0
Ok,08-09-2025 14:30:00,1757322000,594.30,596.00,590.30,590.65,593.37,1421,0,207785,0
Ok,08-09-2025 14:25:00,1757321700,596.25,596.50,595.80,595.80,599.22,24,0,206364,0
Ok,08-09-2025 14:20:00,1757321400,596.60,598.00,593.75,595.95,594.77,1844,0,206340,0
Ok,08-09-2025 14:15:00,1757321100,597.20,598.70,595.00,595.05,597.36,1075,0,204496,0
Ok,08-09-2025 14:10:00,1757320800,597.95,598.85,597.95,597.95,590.65,236,0,203421,0
Ok,08-09-2025 14:05:00,1757320500,597.00,598.35,596.00,596.00,599.28,317,0,203185,0
Ok,08-09-2025 14:00:00,1757320200,598.20,599.40,596.75,599.40,599.28,510,0,202868,0
Ok,08-09-2025 13:55:00,1757319900,594.15,597.00,594.15,597.00,589.65,210,0,202358,0
Ok,08-09-2025 13:50:00,1757319600,598.15,598.15,593.80,595.15,597.09,916,0,202148,0
Ok,08-09-2025 13:45:00,1757319300,596.50,598.60,595.10,597.55,598.01,1550,0,201232,0
Ok,08-09-2025 13:40:00,1757319000,594.00,596.70,593.55,596.70,592.53,588,0,199682,0
Ok,08-09-2025 13:35:00,1757318700,593.80,593.95,592.35,593.80,599.33,183,0,199094,0
Ok,08-09-2025 13:30:00,1757318400,592.45,593.50,590.70,592.05,590.58,906,0,198911,0
Ok,08-09-2025 13:25:00,1757318100,593.35,595.00,593.35,594.00,599.37,191,0,198005,0
Ok,08-09-2025 13:20:00,1757317800,592.30,598.80,592.30,594.10,595.59,7082,0,197814,0
Ok,08-09-2025 13:15:00,1757317500,592.00,592.75,590.00,592.45,590.55,1689,0,190732,0
Ok,08-09-2025 13:10:00,1757317200,599.00,599.00,590.00,590.95,593.44,3031,0,189043,0
Ok,08-09-2025 13:05:00,1757316900,594.00,599.80,594.00,598.95,596.38,4940,0,186012,0
Ok,08-09-2025 13:00:00,1757316600,593.00,594.10,592.00,592.45,593.60,1167,0,181072,0
Ok,08-09-2025 12:55:00,1757316300,596.00,596.00,594.50,594.50,594.88,2520,0,179905,0
Ok,08-09-2025 12:50:00,1757316000,593.60,595.80,593.20,593.40,596.29,492,0,177385,0
Ok,08-09-2025 12:45:00,1757315700,594.45,596.00,592.40,595.30,594.27,2481,0,176893,0
Ok,08-09-2025 12:40:00,1757315400,591.80,594.95,591.00,592.30,592.88,978,0,174412,0
Ok,08-09-2025 12:35:00,1757315100,594.65,595.00,590.00,591.85,592.62,3899,0,173434,0
Ok,08-09-2025 12:30:00,1757314800,591.00,594.80,588.50,594.80,590.21,5112,0,169535,0
Ok,08-09-2025 12:25:00,1757314500,592.20,594.45,591.15,591.15,591.87,948,0,164423,0
Ok,08-09-2025 12:20:00,1757314200,598.35,598.95,589.30,594.40,594.15,11866,0,163475,0
Ok,08-09-2025 12:15:00,1757313900,596.50,600.00,595.05,599.80,598.65,4907,0,151609,0
Ok,08-09-2025 12:10:00,1757313600,598.50,600.00,595.55,595.55,598.11,6959,0,146702,0
Ok,08-09-2025 12:05:00,1757313300,599.50,599.50,592.10,598.00,595.91,8331,0,139743,0
Ok,08-09-2025 12:00:00,1757313000,604.15,604.15,595.00,598.00,598.65,8324,0,131412,0
Ok,08-09-2025 11:55:00,1757312700,601.70,608.00,601.55,603.55,605.08,7426,0,123088,0
Ok,08-09-2025 11:50:00,1757312400,614.55,615.00,601.25,601.25,608.25,13926,0,115662,0
Ok,08-09-2025 11:45:00,1757312100,613.15,620.00,605.80,614.70,612.10,21019,0,101736,0
Ok,08-09-2025 11:40:00,1757311800,605.65,630.00,605.65,615.00,619.98,36122,0,80717,0
Ok,08-09-2025 11:35:00,1757311500,564.10,607.75,564.10,605.00,584.05,35002,0,44595,0
Ok,08-09-2025 11:30:00,1757311200,566.55,566.80,566.55,566.80,566.37,323,0,9593,0
Ok,08-09-2025 11:25:00,1757310900,568.95,568.95,567.20,567.45,569.49,16,0,9270,0
Ok,08-09-2025 11:20:00,1757310600,568.00,568.95,568.00,568.95,568.26,746,0,9254,0
Ok,08-09-2025 11:15:00,1757310300,566.45,568.00,566.45,568.00,568.56,64,0,8508,0
Ok,08-09-2025 11:10:00,1757310000,567.60,567.60,567.60,567.60,563.26,12,0,8444,0
Ok,08-09-2025 11:05:00,1757309700,568.45,568.70,568.45,568.70,567.60,475,0,8432,0
Ok,08-09-2025 11:00:00,1757309400,566.25,568.45,566.20,567.50,567.52,104,0,7957,0
Ok,08-09-2025 10:55:00,1757309100,565.15,568.70,565.15,566.25,567.24,298,0,7853,0
Ok,08-09-2025 10:50:00,1757308800,565.00,565.00,564.10,564.10,564.31,236,0,7555,0
Ok,08-09-2025 10:45:00,1757308500,565.00,566.75,565.00,565.00,565.11,484,0,7319,0
Ok,08-09-2025 10:40:00,1757308200,565.20,565.20,565.00,565.00,565.95,20,0,6835,0
Ok,08-09-2025 10:35:00,1757307900,564.55,567.85,564.55,565.20,567.01,533,0,6815,0
Ok,08-09-2025 10:30:00,1757307600,570.25,572.00,566.10,566.10,569.49,1078,0,6282,0
Ok,08-09-2025 10:25:00,1757307300,563.05,570.95,563.05,570.45,566.16,1814,0,5204,0
Ok,08-09-2025 10:20:00,1757307000,560.25,560.25,560.25,560.25,557.68,1,0,3390,0
Ok,08-09-2025 10:15:00,1757306700,558.80,562.50,558.80,560.10,560.54,521,0,3389,0
Ok,08-09-2025 10:10:00,1757306400,557.35,557.35,556.50,557.35,557.16,172,0,2868,0
Ok,08-09-2025 10:05:00,1757306100,554.00,559.15,554.00,557.35,556.77,557,0,2696,0
Ok,08-09-2025 10:00:00,1757305800,554.05,555.35,553.25,553.25,554.90,18,0,2139,0
Ok,08-09-2025 09:55:00,1757305500,553.85,554.05,553.85,554.05,554.13,78,0,2121,0
Ok,08-09-2025 09:50:00,1757305200,551.95,554.95,549.20,554.95,551.25,519,0,2043,0
Ok,08-09-2025 09:45:00,1757304900,552.45,552.45,551.95,551.95,552.98,7,0,1524,0
Ok,08-09-2025 09:40:00,1757304600,552.40,552.45,552.40,552.45,544.36,1,0,1517,0
Ok,08-09-2025 09:35:00,1757304300,553.60,553.60,552.40,552.40,552.86,148,0,1516,0
Ok,08-09-2025 09:30:00,1757304000,555.50,555.50,555.25,555.25,555.39,72,0,1368,0
Ok,08-09-2025 09:25:00,1757303700,551.20,555.70,551.20,555.50,554.78,148,0,1296,0
Ok,08-09-2025 09:20:00,1757303400,556.80,558.25,551.20,551.20,555.19,289,0,1148,0
Ok,08-09-2025 09:15:00,1757303100,560.00,565.95,556.80,556.80,563.29,859,0,859,0
